* Measurement data measured by REW V5.31.3
* Source: Umik-1  Gain: 18dB, , L, volume: no control. Timing signal peak level -42.4 dBFS, measurement signal peak level -34.0 dBFS
* Format: 512k Log Swept Sine, 1 sweep at -12.0 dBFS using an acoustic timing reference
* Dated: Jul 14, 2026 9:44:09 AM
* REW Settings:
*  C-weighting compensation: Off
*  Target level: 75.0 dB
* Note: ; droite 10 gauche 11 sans eq Delay 0.0075 ms (2.6 mm, 0.1 in) using estimated IR delay relative to Acoustic reference played from  R with no timing offset
* Measurement: L+R exp002 Jul 14
* Smoothing: 1/12 octave
* Frequency Step: 96 ppo
* Start Frequency: 20.141602 Hz
*
* Freq(Hz) SPL(dB) Phase(degrees)
20.141602 51.898 -119.3750
20.287556 51.802 -119.8039
20.434568 51.664 -120.4888
20.582645 51.506 -121.4043
20.731796 51.356 -122.4794
20.882027 51.246 -123.5865
21.033346 51.207 -124.5529
21.185763 51.265 -125.1917
21.339284 51.432 -125.3497
21.493917 51.707 -124.9543
21.649671 52.072 -124.0339
21.806553 52.501 -122.7103
21.964572 52.959 -121.1669
22.123737 53.416 -119.6026
22.284054 53.840 -118.1979
22.445534 54.209 -117.0944
22.608183 54.505 -116.3882
22.772012 54.718 -116.1362
22.937027 54.844 -116.3599
23.103238 54.891 -117.0479
23.270654 54.873 -118.1532
23.439282 54.811 -119.5841
23.609133 54.736 -121.2003
23.780215 54.680 -122.8173
23.952536 54.674 -124.2297
24.126106 54.735 -125.2538
24.300934 54.868 -125.7674
24.477028 55.055 -125.7332
24.654399 55.268 -125.1874
24.833055 55.468 -124.2016
25.013005 55.619 -122.8367
25.194260 55.691 -121.1004
25.376828 55.668 -118.9210
25.560719 55.552 -116.1339
25.745942 55.373 -112.4946
25.932508 55.198 -107.7490
26.120426 55.138 -101.8136
26.309705 55.317 -95.0602
26.500356 55.823 -88.4520
26.692388 56.645 -83.1744
26.885812 57.688 -79.9925
27.080638 58.835 -78.9985
27.276876 59.987 -79.8384
27.474535 61.083 -82.0169
27.673627 62.088 -85.0767
27.874161 62.984 -88.6579
28.076149 63.766 -92.4987
28.279600 64.435 -96.4118
28.484526 64.999 -100.2617
28.690937 65.472 -103.9453
28.898843 65.870 -107.3843
29.108256 66.218 -110.5253
29.319186 66.543 -113.3499
29.531645 66.873 -115.8873
29.745644 67.235 -118.2248
29.961193 67.644 -120.5050
30.178304 68.105 -122.9069
30.396989 68.604 -125.6108
30.617258 69.119 -128.7641
30.839123 69.620 -132.4589
31.062596 70.074 -136.7267
31.287688 70.456 -141.5476
31.514412 70.742 -146.8623
31.742778 70.915 -152.5804
31.972800 70.963 -158.5816
32.204488 70.876 -164.7130
32.437855 70.650 -170.7771
32.672913 70.284 -176.5250
32.909674 69.781 178.3502
33.148151 69.154 174.2129
33.388356 68.431 171.4618
33.630302 67.664 170.4681
33.874001 66.937 171.4314
34.119466 66.355 174.1540
34.366710 66.007 177.8872
34.615745 65.916 -178.4579
34.866585 66.021 -175.7761
35.119243 66.218 -174.4251
35.373731 66.412 -174.2924
35.630064 66.537 -175.0282
35.888254 66.562 -176.2186
36.148315 66.479 -177.4616
36.410261 66.301 -178.3962
36.674104 66.053 -178.7149
36.939860 65.779 -178.1816
37.207542 65.534 -176.6697
37.477163 65.378 -174.2118
37.748738 65.363 -171.0334
38.022281 65.515 -167.5211
38.297806 65.828 -164.1113
38.575327 66.268 -161.1572
38.854860 66.790 -158.8564
39.136419 67.352 -157.2582
39.420017 67.920 -156.3128
39.705671 68.473 -155.9179
39.993395 68.999 -155.9490
40.283203 69.492 -156.2751
40.575112 69.955 -156.7698
40.869136 70.394 -157.3236
41.165290 70.819 -157.8596
41.463591 71.243 -158.3474
41.764053 71.678 -158.8096
42.066693 72.133 -159.3165
42.371525 72.609 -159.9647
42.678567 73.101 -160.8484
42.987834 73.597 -162.0314
43.299341 74.081 -163.5335
43.613106 74.538 -165.3301
43.929145 74.955 -167.3609
44.247473 75.326 -169.5420
44.568109 75.653 -171.7757
44.891068 75.942 -173.9619
45.216367 76.208 -176.0100
45.544023 76.466 -177.8577
45.874054 76.733 -179.4874
46.206476 77.022 179.0652
46.541307 77.339 177.7190
46.878565 77.683 176.3730
47.218266 78.048 174.9388
47.560429 78.426 173.3634
47.905072 78.808 171.6335
48.252212 79.185 169.7623
48.601867 79.555 167.7712
48.954056 79.916 165.6768
49.308798 80.271 163.4894
49.666109 80.623 161.2197
50.026010 80.976 158.8837
50.388520 81.332 156.5019
50.753656 81.694 154.0913
51.121437 82.064 151.6550
51.491884 82.443 149.1782
51.865016 82.832 146.6315
52.240851 83.233 143.9777
52.619410 83.647 141.1786
53.000712 84.076 138.1981
53.384777 84.518 135.0027
53.771625 84.970 131.5620
54.161276 85.428 127.8476
54.553751 85.888 123.8304
54.949070 86.348 119.4745
55.347254 86.803 114.7344
55.748323 87.246 109.5599
56.152298 87.663 103.9098
56.559201 88.030 97.7728
56.969052 88.316 91.1824
57.381873 88.491 84.2257
57.797686 88.526 77.0464
58.216512 88.402 69.8480
58.638373 88.109 62.8981
59.063291 87.652 56.5307
59.491288 87.054 51.1341
59.922386 86.367 47.1047
60.356608 85.689 44.7176
60.793977 85.164 43.8792
61.234515 84.932 43.8871
61.678246 85.041 43.5656
62.125192 85.397 41.8698
62.575377 85.838 38.3675
63.028824 86.216 33.1915
63.485557 86.442 26.7512
63.945599 86.471 19.5179
64.408975 86.291 11.9324
64.875709 85.912 4.3707
65.345825 85.356 -2.8721
65.819348 84.659 -9.6036
66.296302 83.860 -15.7542
66.776713 83.003 -21.3815
67.260604 82.125 -26.6410
67.748002 81.243 -31.7170
68.238932 80.354 -36.7362
68.733420 79.432 -41.6992
69.231490 78.440 -46.4600
69.733170 77.345 -50.7516
70.238485 76.130 -54.2463
70.747463 74.799 -56.6365
71.260128 73.379 -57.7247
71.776508 71.913 -57.4939
72.296630 70.456 -56.1362
72.820521 69.066 -54.0630
73.348209 67.807 -51.9103
73.879720 66.730 -50.4789
74.415083 65.862 -50.5865
74.954326 65.205 -52.9769
75.497475 64.766 -58.4366
76.044561 64.590 -68.1248
76.595612 64.762 -84.0486
77.150655 65.353 -108.7037
77.709720 66.351 -139.8840
78.272837 67.641 -167.5203
78.840034 69.069 172.7770
79.411342 70.499 158.5177
79.986789 71.841 147.0768
80.566406 73.042 136.9803
81.150224 74.070 127.5164
81.738272 74.912 118.4130
82.330581 75.564 109.6744
82.927182 76.040 101.4653
83.528107 76.373 93.9886
84.133386 76.612 87.3629
84.743051 76.811 81.5377
85.357134 77.020 76.2802
85.975667 77.261 71.2482
86.598682 77.525 66.1181
87.226212 77.780 60.6913
87.858289 77.978 54.9266
88.494946 78.076 48.9089
89.136217 78.041 42.8074
89.782135 77.854 36.8499
90.432733 77.509 31.3141
91.088046 77.012 26.5245
91.748108 76.384 22.8409
92.412952 75.670 20.6036
93.082615 74.944 19.9990
93.757130 74.305 20.8597
94.436533 73.843 22.5613
95.120859 73.596 24.2296
95.810144 73.524 25.1741
96.504423 73.541 25.1573
97.203734 73.562 24.3524
97.908112 73.526 23.1747
98.617595 73.415 22.1437
99.332219 73.254 21.7775
100.052021 73.108 22.4559
100.777039 73.072 24.2259
101.507311 73.231 26.6497
102.242875 73.618 28.9041
102.983769 74.191 30.1705
103.730032 74.864 29.9896
104.481702 75.550 28.3030
105.238820 76.188 25.2891
106.001424 76.744 21.2001
106.769554 77.202 16.2598
107.543250 77.551 10.6232
108.322553 77.774 4.4008
109.107503 77.847 -2.2726
109.898141 77.741 -9.1746
110.694508 77.435 -15.9641
111.496646 76.920 -22.1771
112.304596 76.214 -27.2615
113.118402 75.379 -30.6843
113.938104 74.536 -32.1678
114.763747 73.860 -32.0846
115.595372 73.517 -31.6861
116.433024 73.546 -32.5808
117.276746 73.829 -35.8160
118.126581 74.188 -41.6205
118.982575 74.483 -49.7802
119.844772 74.629 -60.0061
120.713217 74.590 -72.1142
121.587954 74.360 -86.1025
122.469031 73.959 -102.1882
123.356492 73.423 -120.7916
124.250384 72.799 -142.2800
125.150753 72.144 -166.1550
126.057647 71.528 169.7435
126.971113 71.034 148.2284
127.891198 70.758 130.7078
128.817950 70.780 116.8726
129.751418 71.107 105.6500
130.691651 71.655 95.9399
131.638696 72.294 86.9203
132.592604 72.906 78.1108
133.553425 73.405 69.3179
134.521208 73.745 60.5410
135.496004 73.909 51.8822
136.477864 73.904 43.4587
137.466839 73.755 35.3273
138.462981 73.498 27.4261
139.466340 73.154 19.5785
140.476971 72.720 11.5898
141.494925 72.178 3.3813
142.520256 71.514 -4.9388
143.553016 70.746 -13.0577
144.593260 69.953 -20.2457
145.641043 69.283 -22.9492
146.696418 68.913 99.9812
147.759441 68.951 122.0945
148.830166 69.358 118.1079
149.908651 70.001 112.9070
150.994951 70.766 108.0923
152.089123 71.600 104.1052
153.191223 72.508 101.1055
154.301310 73.517 99.0107
155.419441 74.639 97.4097
156.545674 75.837 95.6323
157.680069 77.044 93.0491
158.822683 78.186 89.3308
159.973578 79.208 84.4744
161.132813 80.076 78.6912
162.300447 80.780 72.2966
163.476543 81.328 65.6208
164.661162 81.742 58.9465
165.854364 82.057 52.4777
167.056213 82.312 46.3287
168.266772 82.550 40.5000
169.486102 82.804 34.8634
170.714268 83.084 29.2030
171.951334 83.374 23.3088
173.197364 83.642 17.0590
174.452424 83.860 10.4347
175.716578 84.008 3.4799
176.989893 84.074 -3.7412
178.272434 84.055 -11.1656
179.564270 83.953 -18.7518
180.865467 83.765 -26.4933
182.176092 83.485 -34.3993
183.496216 83.092 -42.4437
184.825905 82.565 -50.5265
186.165229 81.882 -58.4650
187.514259 81.033 -65.9966
188.873065 80.021 -72.7424
190.241717 78.869 -78.0520
191.620287 77.643 -80.5563
193.008847 76.478 -77.0378
194.407468 75.607 -61.2471
195.816225 75.275 -35.2744
197.235190 75.531 -19.6908
198.664438 76.178 -16.7615
200.104042 76.965 -20.1765
201.554078 77.732 -26.6609
203.014622 78.404 -34.8748
204.485750 78.942 -44.2939
205.967538 79.314 -54.6989
207.460064 79.490 -65.9183
208.963405 79.442 -77.6968
210.477640 79.151 -89.5842
212.002848 78.607 -100.7244
213.539108 77.824 -109.2047
215.086500 76.851 -109.1246
216.645105 75.782 -76.8711
218.215005 74.751 -31.5605
219.796281 73.885 -24.4285
221.389015 73.253 -28.3402
222.993292 72.828 -35.1296
224.609193 72.521 -42.7386
226.236804 72.235 -50.4475
227.876209 71.892 -57.9104
229.527494 71.447 -64.8905
231.190745 70.886 -71.1980
232.866048 70.222 -76.7052
234.553491 69.491 -81.3485
236.253163 68.739 -85.1013
237.965150 68.038 -87.9930
239.689544 67.489 -90.1747
241.426433 67.213 -91.9464
243.175909 67.320 -93.7150
244.938062 67.848 -96.0326
246.712984 68.725 -99.7350
248.500768 69.793 -105.8103
250.301507 70.882 -114.8829
252.115295 71.878 -126.8944
253.942226 72.730 -141.2565
255.782396 73.435 -157.1656
257.635901 74.015 -173.8383
259.502837 74.500 169.3649
261.383301 74.918 152.8921
263.277392 75.285 136.9957
265.185209 75.608 121.7723
267.106850 75.881 107.2434
269.042417 76.090 93.4125
270.992009 76.228 80.2811
272.955729 76.298 67.8274
274.933678 76.317 55.9777
276.925961 76.303 44.5834
278.932681 76.262 33.4338
280.953942 76.172 22.3275
282.989850 75.987 11.1813
285.040511 75.659 0.1078
287.106032 75.151 -10.5568
289.186521 74.452 -20.1649
291.282086 73.575 -27.4454
293.392836 72.570 -29.7579
295.518881 71.524 -22.2969
297.660333 70.545 -3.9468
299.817302 69.701 11.0322
301.989902 68.976 15.7310
304.178245 68.302 15.0181
306.382446 67.624 12.8699
308.602620 66.953 11.1704
310.838882 66.359 10.5436
313.091348 65.931 10.9547
315.360137 65.737 12.2388
317.645367 65.824 14.3441
319.947156 66.219 17.0519
322.265625 66.903 19.4626
324.600895 67.773 20.2343
326.953086 68.677 18.5358
329.322323 69.475 14.3730
331.708729 70.070 8.2313
334.112427 70.402 0.7424
336.533543 70.447 -7.4491
338.972204 70.202 -15.7328
341.428536 69.691 -23.5756
343.902668 68.959 -30.5787
346.394729 68.077 -36.5569
348.904848 67.145 -41.6442
351.433156 66.275 -46.3226
353.979786 65.567 -51.2021
356.544869 65.116 -56.6694
359.128540 65.049 -62.8383
361.730934 65.516 -69.9407
364.352185 66.554 -78.7605
366.992431 67.999 -90.3434
369.651810 69.606 -105.0376
372.330459 71.179 -122.1012
375.028519 72.591 -140.2865
377.746130 73.765 -158.5547
380.483434 74.655 -176.2692
383.240574 75.243 166.9857
386.017693 75.540 151.5753
388.814937 75.589 137.8328
391.632450 75.467 125.9484
394.470380 75.264 115.8096
397.328875 75.038 107.0160
400.208084 74.780 99.2507
403.108157 74.442 92.6525
406.029245 74.016 87.7354
408.971500 73.574 84.9047
411.935076 73.255 83.9314
414.920127 73.177 83.8821
417.926810 73.358 83.6547
420.955280 73.712 82.5895
424.005695 74.129 80.6333
427.078215 74.543 78.1271
430.173000 74.945 75.4733
433.290211 75.363 72.8512
436.430010 75.818 70.0931
439.592562 76.290 66.8325
442.778031 76.729 62.8348
445.986583 77.091 58.1370
449.218386 77.349 52.9017
452.473607 77.482 47.2981
455.752418 77.474 41.5074
459.054987 77.304 35.7653
462.381489 76.956 30.3982
465.732096 76.429 25.8394
469.106983 75.744 22.5941
472.506325 74.962 21.1118
475.930301 74.182 21.5502
479.379088 73.522 23.5001
482.852867 73.061 25.9568
486.351817 72.783 27.8607
489.876123 72.591 28.8290
493.425968 72.388 29.3102
497.001536 72.143 30.1694
500.603014 71.901 32.2535
504.230589 71.756 36.2351
507.884452 71.817 42.3987
511.564792 72.148 49.8674
515.271802 72.719 56.4493
519.005673 73.412 60.5137
522.766602 74.115 62.2495
526.554785 74.794 62.8180
530.370418 75.490 63.2661
534.213700 76.272 63.9629
538.084833 77.164 64.4568
541.984018 78.119 63.9213
545.911457 79.052 61.8917
549.867357 79.892 58.5095
553.851922 80.611 54.2721
557.865362 81.222 49.7831
561.907884 81.776 45.6143
565.979700 82.342 42.1146
570.081022 82.964 39.0745
574.212064 83.609 35.6049
578.373042 84.170 30.7592
582.564171 84.528 24.3489
586.785671 84.611 16.9595
591.037762 84.411 9.4100
595.320665 83.968 2.3582
599.634604 83.341 -3.8046
603.979804 82.599 -8.9348
608.356491 81.801 -13.0479
612.764893 80.979 -16.1315
617.205240 80.154 -17.9249
621.677763 79.358 -17.8486
626.182696 78.677 -15.3124
630.720274 78.242 -10.5273
635.290733 78.140 -5.1647
639.894312 78.320 -1.3381
644.531250 78.630 0.1654
649.201789 78.943 -0.0399
653.906173 79.224 -0.9524
658.644647 79.517 -1.9646
663.417457 79.872 -3.1144
668.224854 80.289 -4.8374
673.067086 80.711 -7.4784
677.944408 81.074 -11.0341
682.857073 81.335 -15.2449
687.805336 81.487 -19.7930
692.789457 81.541 -24.4534
697.809695 81.511 -29.1393
702.866312 81.393 -33.8091
707.959571 81.172 -38.3192
713.089738 80.856 -42.4240
718.257080 80.491 -46.0021
723.461867 80.138 -49.2360
728.704370 79.834 -52.5170
733.984862 79.565 -56.1982
739.303619 79.275 -60.4087
744.660918 78.894 -64.9811
750.057038 78.360 -69.4258
755.492260 77.642 -72.9263
760.966869 76.748 -74.3184
766.481148 75.747 -72.3149
772.035387 74.779 -66.6310
777.629873 74.008 -59.3531
783.264900 73.515 -53.6235
788.940760 73.246 -50.7051
794.657750 73.075 -49.9099
800.416168 72.918 -49.9619
806.216313 72.779 -49.8672
812.058489 72.706 -49.2382
817.943000 72.715 -47.8143
823.870152 72.783 -44.0786
829.840255 72.920 -33.7555
835.853619 73.202 -12.7919
841.910559 73.720 8.1891
848.011390 74.476 17.8602
854.156430 75.382 19.6763
860.346000 76.336 17.9709
866.580422 77.280 14.8672
872.860020 78.207 11.3483
879.185124 79.144 7.8307
885.556062 80.111 4.2383
891.973166 81.083 0.0985
898.436771 81.984 -5.0576
904.947215 82.731 -11.3629
911.504835 83.259 -18.5840
918.109975 83.546 -26.2523
924.762978 83.610 -33.8574
931.464192 83.507 -41.0209
938.213966 83.305 -47.5884
945.012651 83.065 -53.6549
951.860602 82.805 -59.4717
958.758176 82.490 -65.1869
965.705733 82.066 -70.6365
972.703635 81.511 -75.4333
979.752246 80.845 -79.2065
986.851935 80.126 -81.7319
994.003071 79.439 -82.9556
1001.206027 78.888 -83.2083
1008.461179 78.548 -83.3271
1015.768904 78.408 -84.2524
1023.129584 78.377 -86.4839
1030.543603 78.347 -89.9814
1038.011347 78.238 -94.4536
1045.533205 78.000 -99.5698
1053.109569 77.598 -104.9438
1060.740836 77.016 -110.0708
1068.427401 76.258 -114.1787
1076.169666 75.373 -115.9072
1083.968035 74.491 -112.8672
1091.822915 73.831 -101.9385
1099.734713 73.600 -84.8086
1107.703844 73.801 -71.9575
1115.730723 74.211 -67.8259
1123.815768 74.562 -69.5010
1131.959400 74.682 -73.8977
1140.162045 74.516 -78.9944
1148.424129 74.082 -83.4653
1156.746083 73.441 -86.2661
1165.128342 72.706 -86.4978
1173.571343 72.057 -83.8306
1182.075524 71.690 -79.1265
1190.641331 71.687 -74.3193
1199.269209 71.951 -70.9204
1207.959608 72.312 -68.6572
1216.712981 72.672 -65.6887
1225.529785 73.050 -59.9957
1234.410479 73.526 -52.0769
1243.355526 74.128 -45.9015
1252.365393 74.769 -44.1951
1261.440549 75.319 -46.3710
1270.581467 75.679 -50.7338
1279.788624 75.816 -55.8231
1289.062500 75.745 -60.5813
1298.403578 75.526 -64.3228
1307.812346 75.254 -66.9369
1317.289293 75.003 -68.9241
1326.834914 74.789 -70.8989
1336.449707 74.575 -73.0801
1346.134173 74.313 -75.2461
1355.888816 73.988 -76.9978
1365.714145 73.622 -78.0461
1375.610673 73.252 -78.2715
1385.578915 72.912 -77.5791
1395.619391 72.635 -75.7085
1405.732624 72.484 -72.3313
1415.919142 72.549 -67.5714
1426.179476 72.888 -62.3486
1436.514160 73.474 -58.0347
1446.923734 74.203 -55.5563
1457.408740 74.958 -55.0455
1467.969724 75.657 -56.0978
1478.607238 76.275 -58.0876
1489.321836 76.829 -60.5612
1500.114076 77.328 -63.4446
1510.984521 77.745 -66.8561
1521.933737 78.035 -70.7803
1532.962297 78.185 -74.9590
1544.070773 78.224 -79.1416
1555.259747 78.186 -83.1821
1566.529800 78.091 -86.8364
1577.881521 77.967 -89.6179
1589.315501 77.867 -90.7729
1600.832336 77.890 -89.4460
1612.432627 78.139 -85.6274
1624.116978 78.629 -81.3350
1635.886000 79.240 -79.3787
1647.740304 79.800 -80.7568
1659.680509 80.203 -84.5776
1671.707238 80.443 -89.5513
1683.821118 80.577 -94.8848
1696.022780 80.662 -100.3965
1708.312860 80.702 -106.1816
1720.692000 80.656 -112.2544
1733.160843 80.485 -118.4248
1745.720041 80.182 -124.4312
1758.370248 79.765 -130.0957
1771.112124 79.247 -135.2798
1783.946332 78.622 -139.7043
1796.873543 77.880 -142.8022
1809.894429 77.049 -143.8481
1823.009670 76.214 -142.3760
1836.219950 75.501 -138.4175
1849.525956 75.031 -132.6265
1862.928384 74.858 -126.2439
1876.427931 74.931 -120.5203
1890.025301 75.123 -116.3115
1903.721204 75.313 -113.9448
1917.516352 75.436 -112.9636
1931.411466 75.502 -112.5039
1945.407270 75.577 -112.0017
1959.504493 75.736 -111.5542
1973.703870 76.004 -111.6360
1988.006142 76.356 -112.5293
2002.412054 76.751 -114.1997
2016.922357 77.154 -116.5237
2031.537808 77.534 -119.4724
2046.259169 77.849 -123.0488
2061.087206 78.052 -127.1064
2076.022694 78.113 -131.3262
2091.066410 78.032 -135.2896
2106.219139 77.847 -138.6423
2121.481671 77.621 -141.2661
2136.854802 77.408 -143.2424
2152.339333 77.241 -144.7090
2167.936071 77.147 -145.7837
2183.645829 77.146 -146.6929
2199.469427 77.233 -147.8589
2215.407689 77.359 -149.6072
2231.461446 77.457 -151.8391
2247.631536 77.492 -154.1042
2263.918800 77.476 -155.8286
2280.324089 77.467 -156.7285
2296.848258 77.520 -157.2141
2313.492167 77.638 -158.0864
2330.256685 77.795 -159.7144
2347.142685 77.974 -162.0142
2364.151049 78.149 -164.9253
2381.282662 78.260 -168.4282
2398.538418 78.225 -172.0972
2415.919216 78.007 -174.8567
2433.425962 77.645 -175.4236
2451.059570 77.238 -173.2993
2468.820958 76.893 -169.6768
2486.711052 76.682 -166.4463
2504.730786 76.630 -164.5474
2522.881098 76.725 -163.8198
2541.162934 76.945 -163.7690
2559.577248 77.276 -164.2085
2578.125000 77.690 -165.4829
2596.807157 78.117 -168.0449
2615.624692 78.478 -171.8433
2634.578586 78.731 -176.4336
2653.669829 78.864 178.5901
2672.899414 78.870 173.4695
2692.268345 78.740 168.4099
2711.777632 78.492 163.6597
2731.428290 78.169 159.3149
2751.221345 77.805 155.3237
2771.157829 77.410 151.6946
2791.238781 76.983 148.4958
2811.465248 76.523 145.8018
2831.838284 76.032 143.8989
2852.358952 75.551 143.3601
2873.028321 75.164 144.7864
2893.847468 74.964 148.4895
2914.817480 75.010 154.0942
2935.939449 75.295 159.9219
2957.214476 75.748 163.6372
2978.643672 76.268 164.2488
3000.228152 76.750 162.2571
3021.969041 77.088 158.6855
3043.867475 77.212 154.7317
3065.924593 77.132 151.3335
3088.141547 76.920 148.5708
3110.519493 76.651 145.9692
3133.059600 76.368 143.2920
3155.763041 76.067 140.6704
3178.631001 75.714 138.6870
3201.664672 75.306 138.2769
3224.865254 74.928 139.9644
3248.233957 74.696 143.4517
3271.771999 74.674 148.2773
3295.480608 74.860 154.0176
3319.361019 75.191 159.3408
3343.414477 75.548 162.3630
3367.642236 75.797 162.4490
3392.045560 75.848 160.4873
3416.625721 75.694 157.9155
3441.383999 75.398 155.9487
3466.321686 75.054 155.2349
3491.440082 74.743 155.8159
3516.740496 74.519 157.0352
3542.224247 74.390 157.7646
3567.892664 74.309 157.3818
3593.747085 74.205 156.1479
3619.788858 74.052 154.8293
3646.019340 73.899 153.9546
3672.439900 73.818 153.4736
3699.051913 73.852 152.9087
3725.856768 73.984 151.6741
3752.855862 74.141 149.4868
3780.050603 74.217 146.5471
3807.442408 74.124 143.5996
3835.032705 73.845 141.6667
3862.822933 73.436 141.4675
3890.814540 72.987 143.3325
3919.008986 72.607 147.6680
3947.407741 72.413 154.8606
3976.012284 72.494 164.0276
4004.824108 72.850 171.9016
4033.844715 73.374 175.6143
4063.075616 73.914 175.2983
4092.518337 74.362 172.5176
4122.174412 74.683 168.6411
4152.045387 74.894 164.3906
4182.132820 75.001 160.0227
4212.438278 74.996 155.7324
4242.963342 74.880 151.8530
4273.709604 74.676 148.8086
4304.678665 74.428 147.0935
4335.872141 74.208 146.9668
4367.291658 74.096 148.0215
4398.938854 74.134 149.3853
4430.815378 74.303 150.2690
4462.922893 74.539 150.1680
4495.263072 74.739 148.8530
4527.837601 74.805 146.6655
4560.648179 74.713 144.5635
4593.696515 74.528 143.6235
4626.984334 74.369 144.5049
4660.513370 74.358 146.8945
4694.285371 74.553 149.5078
4728.302098 74.910 151.0410
4762.565324 75.336 150.9492
4797.076835 75.740 149.4861
4831.838432 76.069 147.1382
4866.851925 76.299 144.2856
4902.119140 76.426 141.3779
4937.641916 76.464 138.7722
4973.422105 76.420 136.4756
5009.461572 76.283 134.5200
5045.762195 76.074 133.3401
5082.325868 75.868 133.1782
5119.154496 75.747 133.4919
5156.250000 75.743 133.2563
5193.614313 75.813 131.9023
5231.249383 75.865 129.7056
5269.157173 75.825 127.6509
5307.339658 75.697 127.0791
5345.798829 75.587 128.8901
5384.536691 75.623 132.5811
5423.555263 75.843 136.1936
5462.856580 76.170 137.8940
5502.442691 76.493 137.4941
5542.315659 76.748 135.8252
5582.477563 76.906 133.6416
5622.930497 76.948 131.5537
5663.676569 76.882 129.9912
5704.717904 76.737 129.1128
5746.056642 76.574 129.0811
5787.694937 76.477 129.8818
5829.634960 76.506 130.8457
5871.878898 76.644 131.0630
5914.428953 76.808 130.0938
5957.287343 76.914 128.1873
6000.456303 76.930 125.9775
6043.938083 76.877 123.9800
6087.734950 76.810 122.4692
6131.849187 76.790 121.4622
6176.283094 76.852 120.7920
6221.038987 77.002 120.2759
6266.119200 77.230 119.6028
6311.526083 77.504 118.3218
6357.262002 77.768 116.2227
6403.329344 77.967 113.4307
6449.730508 78.078 110.3474
6496.467914 78.118 107.4832
6543.543998 78.132 105.0869
6590.961215 78.147 102.9385
6638.722037 78.157 100.4651
6686.828954 78.122 97.2715
6735.284473 78.002 93.5378
6784.091120 77.787 89.7595
6833.251441 77.499 86.3848
6882.767998 77.165 83.7942
6932.643372 76.836 82.3774
6982.880164 76.579 82.2783
7033.480992 76.445 83.0505
7084.448495 76.411 83.7410
7135.785329 76.396 83.6782
7187.494171 76.330 83.1016
7239.577717 76.206 82.7534
7292.038681 76.051 82.9775
7344.879799 75.872 83.3318
7398.103826 75.637 83.2549
7451.713536 75.333 82.8457
7505.711724 75.001 82.5801
7560.101205 74.716 83.0552
7614.884815 74.563 84.7849
7670.065409 74.604 87.7256
7725.645865 74.830 90.9534
7781.629080 75.141 93.0547
7838.017972 75.399 93.4236
7894.815481 75.526 92.7876
7952.024569 75.555 92.2273
8009.648217 75.581 92.1660
8067.689429 75.671 92.2456
8126.151233 75.826 91.8740
8185.036674 76.002 90.9441
8244.348824 76.169 89.7527
8304.090774 76.311 88.5754
8364.265639 76.419 87.6509
8424.876556 76.501 87.0059
8485.926684 76.566 86.3018
8547.419207 76.613 85.2156
8609.357330 76.636 83.6873
8671.744282 76.635 81.9553
8734.583316 76.626 80.2087
8797.877707 76.612 78.4456
8861.630756 76.593 76.6763
8925.845785 76.579 74.8999
8990.526143 76.569 73.0662
9055.675202 76.536 71.1680
9121.296357 76.451 69.3906
9187.393031 76.318 67.9233
9253.968668 76.147 66.7483
9321.026740 75.937 65.9915
9388.570742 75.712 66.1199
9456.604196 75.558 67.3640
9525.130648 75.555 69.2625
9594.153671 75.713 70.9653
9663.676863 75.953 71.7681
9733.703850 76.163 71.4233
9804.238280 76.270 70.3264
9875.283832 76.293 69.0645
9946.844210 76.295 67.7805
10018.923143 76.311 66.3247
10091.524390 76.330 64.6887
10164.651736 76.317 63.0420
10238.308993 76.244 61.6023
10312.500000 76.116 60.5217
10387.228626 75.971 59.6411
10462.498767 75.830 58.7061
10538.314345 75.685 57.7095
10614.679315 75.539 56.8396
10691.597657 75.410 56.1917
10769.073381 75.322 55.7207
10847.110526 75.281 55.2661
10925.713161 75.264 54.6392
11004.885382 75.239 53.8127
11084.631318 75.195 52.8662
11164.955126 75.124 51.8220
11245.860993 75.012 50.8013
11327.353138 74.855 50.0557
11409.435808 74.683 49.6919
11492.113283 74.528 49.6091
11575.389873 74.405 49.6965
11659.269920 74.303 49.9453
11743.757796 74.206 50.4810
11828.857906 74.122 51.3564
11914.574686 74.066 52.4663
12000.912606 74.046 53.7673
12087.876166 74.064 55.2744
12175.469900 74.131 56.9529
12263.698373 74.256 58.6082
12352.566187 74.432 59.9553
12442.077974 74.645 60.9089
12532.238400 74.897 61.4626
12623.052165 75.185 61.4717
12714.524005 75.491 60.8179
12806.658687 75.780 59.5452
12899.461015 76.020 57.8147
12992.935827 76.204 55.8140
13087.087996 76.337 53.7146
13181.922430 76.433 51.6953
13277.444074 76.499 49.8906
13373.657907 76.545 48.3081
13470.568945 76.579 46.8464
13568.182241 76.602 45.4150
13666.502883 76.600 44.0210
13765.535996 76.562 42.6982
13865.286744 76.487 41.4287
13965.760328 76.382 40.2656
14066.961984 76.272 39.3286
14168.896989 76.194 38.6587
14271.570658 76.184 38.1152
14374.988342 76.250 37.3889
14479.155433 76.373 36.1201
14584.077362 76.510 34.0442
14689.759598 76.609 31.1482
14796.207652 76.632 27.6562
14903.427072 76.556 23.8853
15011.423448 76.364 20.1689
15120.202410 76.057 16.8875
15229.769630 75.660 14.3682
15340.130819 75.218 12.7646
15451.291730 74.773 12.0222
15563.258160 74.347 11.9258
15676.035944 73.938 12.1919
15789.630962 73.526 12.5850
15904.049137 73.094 13.0198
16019.296433 72.644 13.5952
16135.378859 72.198 14.5022
16252.302465 71.781 15.9355
16370.073348 71.427 18.0229
16488.697648 71.171 20.7285
16608.181548 71.045 23.8428
16728.531278 71.072 27.0095
16849.753112 71.247 29.7920
16971.853368 71.539 31.7903
17094.838414 71.901 32.7354
17218.714660 72.281 32.4766
17343.488565 72.620 31.0229
17469.166632 72.868 28.5981
17595.755415 72.996 25.5278
17723.261512 72.999 22.0981
17851.691571 72.894 18.5183
17981.052287 72.697 14.9421
18111.350404 72.425 11.4836
18242.592715 72.083 8.2117
18374.786062 71.675 5.1638
18507.937336 71.203 2.3755
18642.053479 70.670 -0.0957
18777.141484 70.086 -2.2083
18913.208391 69.471 -4.0012
19050.261296 68.850 -5.6587
19188.307342 68.239 -7.4565
19327.353727 67.639 -9.5789
19467.407699 67.051 -12.0134
19608.476560 66.494 -14.6086
19750.567664 66.013 -17.1663
19893.688419 65.660 -19.5017
20037.846286 65.475 -21.4617
