* Measurement data measured by REW V5.31.3
* Source: Umik-1  Gain: 18dB, , L, volume: no control. Timing signal peak level -43.0 dBFS, measurement signal peak level -33.6 dBFS
* Format: 512k Log Swept Sine, 1 sweep at -12.0 dBFS using an acoustic timing reference
* Dated: Jul 13, 2026 10:53:44 AM
* REW Settings:
*  C-weighting compensation: Off
*  Target level: 75.0 dB
* Note: ; droite 10 gauche 11 sans eq Delay 0.0415 ms (14 mm, 0.56 in) using estimated IR delay relative to Acoustic reference played from  R with no timing offset
* Measurement: L exp002 Jul 13
* Smoothing: 1/12 octave
* Frequency Step: 96 ppo
* Start Frequency: 20.141602 Hz
*
* Freq(Hz) SPL(dB) Phase(degrees)
20.141602 43.960 -85.1814
20.287556 43.742 -86.0374
20.434568 43.413 -87.9274
20.582645 43.017 -91.5957
20.731796 42.630 -97.9171
20.882027 42.373 -107.5403
21.033346 42.371 -119.9407
21.185763 42.689 -132.6548
21.339284 43.293 -142.7754
21.493917 44.070 -149.1162
21.649671 44.896 -152.0268
21.806553 45.684 -152.3190
21.964572 46.390 -150.7553
22.123737 46.993 -147.9634
22.284054 47.488 -144.4687
22.445534 47.870 -140.7078
22.608183 48.135 -137.0222
22.772012 48.279 -133.6566
22.937027 48.297 -130.7542
23.103238 48.193 -128.3729
23.270654 47.975 -126.5012
23.439282 47.666 -125.0735
23.609133 47.301 -123.9938
23.780215 46.930 -123.1598
23.952536 46.611 -122.5015
24.126106 46.394 -122.0215
24.300934 46.303 -121.8074
24.477028 46.321 -122.0054
24.654399 46.402 -122.7590
24.833055 46.483 -124.1402
25.013005 46.506 -126.1034
25.194260 46.441 -128.4277
25.376828 46.294 -130.6210
25.560719 46.134 -131.7086
25.745942 46.116 -129.7541
25.932508 46.457 -121.0289
26.120426 47.316 -101.2534
26.309705 48.641 -77.2801
26.500356 50.219 -62.7233
26.692388 51.833 -57.0464
26.885812 53.337 -55.9447
27.080638 54.658 -57.0460
27.276876 55.768 -59.2699
27.474535 56.663 -62.1242
27.673627 57.358 -65.3849
27.874161 57.877 -68.9501
28.076149 58.254 -72.7692
28.279600 58.529 -76.7975
28.484526 58.741 -80.9691
28.690937 58.925 -85.1810
28.898843 59.101 -89.2934
29.108256 59.271 -93.1440
29.319186 59.419 -96.5605
29.531645 59.521 -99.3581
29.745644 59.556 -101.3124
29.961193 59.524 -102.1201
30.178304 59.461 -101.3730
30.396989 59.459 -98.6294
30.617258 59.655 -93.7127
30.839123 60.173 -87.2684
31.062596 61.033 -80.9591
31.287688 62.133 -76.5555
31.514412 63.321 -74.8442
31.742778 64.473 -75.6363
31.972800 65.510 -78.3438
32.204488 66.395 -82.3652
32.437855 67.114 -87.2130
32.672913 67.669 -92.5201
32.909674 68.071 -98.0146
33.148151 68.340 -103.4894
33.388356 68.503 -108.7861
33.630302 68.591 -113.7850
33.874001 68.638 -118.4056
34.119466 68.676 -122.6141
34.366710 68.725 -126.4253
34.615745 68.792 -129.8927
34.866585 68.868 -133.0829
35.119243 68.936 -136.0460
35.373731 68.976 -138.7916
35.630064 68.973 -141.2788
35.888254 68.925 -143.4242
36.148315 68.843 -145.1238
36.410261 68.751 -146.2903
36.674104 68.682 -146.8950
36.939860 68.671 -147.0003
37.207542 68.741 -146.7632
37.477163 68.899 -146.3953
37.748738 69.134 -146.0967
38.022281 69.422 -146.0001
38.297806 69.740 -146.1506
38.575327 70.070 -146.5216
38.854860 70.403 -147.0495
39.136419 70.735 -147.6669
39.420017 71.070 -148.3256
39.705671 71.414 -149.0062
39.993395 71.776 -149.7183
40.283203 72.165 -150.4939
40.575112 72.588 -151.3794
40.869136 73.048 -152.4264
41.165290 73.545 -153.6847
41.463591 74.074 -155.1957
41.764053 74.625 -156.9896
42.066693 75.188 -159.0845
42.371525 75.751 -161.4906
42.678567 76.304 -164.2139
42.987834 76.835 -167.2609
43.299341 77.336 -170.6382
43.613106 77.794 -174.3485
43.929145 78.197 -178.3813
44.247473 78.532 177.2967
44.568109 78.786 172.7496
44.891068 78.949 168.0754
45.216367 79.012 163.4041
45.544023 78.973 158.8905
45.874054 78.837 154.7056
46.206476 78.615 151.0247
46.541307 78.331 148.0098
46.878565 78.020 145.7837
47.218266 77.725 144.3955
47.560429 77.493 143.7876
47.905072 77.362 143.7856
48.252212 77.353 144.1293
48.601867 77.462 144.5402
48.954056 77.670 144.7911
49.308798 77.950 144.7447
49.666109 78.274 144.3509
50.026010 78.623 143.6219
50.388520 78.984 142.6024
50.753656 79.350 141.3481
51.121437 79.723 139.9118
51.491884 80.107 138.3341
51.865016 80.507 136.6370
52.240851 80.928 134.8172
52.619410 81.374 132.8447
53.000712 81.843 130.6671
53.384777 82.333 128.2180
53.771625 82.836 125.4295
54.161276 83.341 122.2438
54.553751 83.831 118.6248
54.949070 84.290 114.5693
55.347254 84.697 110.1180
55.748323 85.036 105.3591
56.152298 85.292 100.4249
56.559201 85.459 95.4791
56.969052 85.539 90.6975
57.381873 85.547 86.2480
57.797686 85.515 82.2674
58.216512 85.492 78.8293
58.638373 85.537 75.8984
59.063291 85.712 73.2893
59.491288 86.049 70.6676
59.922386 86.541 67.6254
60.356608 87.135 63.8065
60.793977 87.760 59.0039
61.234515 88.343 53.1797
61.678246 88.828 46.4241
62.125192 89.173 38.9031
62.575377 89.356 30.8259
63.028824 89.364 22.4266
63.485557 89.198 13.9493
63.945599 88.862 5.6290
64.408975 88.370 -2.3302
64.875709 87.742 -9.7695
65.345825 87.002 -16.5804
65.819348 86.177 -22.7043
66.296302 85.295 -28.1278
66.776713 84.378 -32.8732
67.260604 83.443 -36.9825
67.748002 82.500 -40.4915
68.238932 81.551 -43.3958
68.733420 80.595 -45.6193
69.231490 79.634 -47.0030
69.733170 78.689 -47.3472
70.238485 77.807 -46.5381
70.747463 77.060 -44.7324
71.260128 76.521 -42.4615
71.776508 76.221 -40.4741
72.296630 76.127 -39.3860
72.820521 76.160 -39.4523
73.348209 76.234 -40.5981
73.879720 76.280 -42.5701
74.415083 76.257 -45.0579
74.954326 76.152 -47.7599
75.497475 75.975 -50.4171
76.044561 75.759 -52.8464
76.595612 75.552 -54.9852
77.150655 75.405 -56.9285
77.709720 75.361 -58.9252
78.272837 75.435 -61.3075
78.840034 75.609 -64.3813
79.411342 75.843 -68.3438
79.986789 76.091 -73.2669
80.566406 76.304 -79.1356
81.150224 76.443 -85.9047
81.738272 76.482 -93.5419
82.330581 76.410 -102.0340
82.927182 76.232 -111.3667
83.528107 75.967 -121.5178
84.133386 75.636 -132.4834
84.743051 75.251 -144.3077
85.357134 74.816 -157.0918
85.975667 74.323 -171.0233
86.598682 73.765 173.5326
87.226212 73.146 155.9358
87.858289 72.488 135.2670
88.494946 71.824 110.5178
89.136217 71.195 81.1503
89.782135 70.626 47.8868
90.432733 70.113 12.9723
91.088046 69.627 -20.7144
91.748108 69.128 -51.4545
92.412952 68.580 -79.5434
93.082615 67.975 -106.2286
93.757130 67.340 -132.4490
94.436533 66.725 -158.2719
95.120859 66.196 177.1145
95.810144 65.811 154.8318
96.504423 65.602 135.5385
97.203734 65.558 119.1809
97.908112 65.637 105.2559
98.617595 65.779 93.1803
99.332219 65.932 82.5214
100.052021 66.062 73.0386
100.777039 66.151 64.6045
101.507311 66.191 57.1030
102.242875 66.170 50.3889
102.983769 66.077 44.3491
103.730032 65.905 38.9891
104.481702 65.666 34.4438
105.238820 65.404 30.8992
106.001424 65.195 28.4515
106.769554 65.123 26.9319
107.543250 65.234 25.8362
108.322553 65.500 24.5243
109.107503 65.848 22.5422
109.898141 66.206 19.7592
110.694508 66.532 16.2776
111.496646 66.817 12.2780
112.304596 67.067 7.9028
113.118402 67.292 3.2078
113.938104 67.498 -1.8330
114.763747 67.682 -7.3046
115.595372 67.824 -13.3213
116.433024 67.894 -19.9766
117.276746 67.854 -27.3024
118.126581 67.676 -35.2733
118.982575 67.348 -43.8365
119.844772 66.879 -52.9634
120.713217 66.289 -62.7241
121.587954 65.612 -73.3754
122.469031 64.892 -85.4331
123.356492 64.190 -99.7324
124.250384 63.585 -117.4774
125.150753 63.172 -140.0194
126.057647 63.040 -167.2664
126.971113 63.234 164.7437
127.891198 63.738 140.7800
128.817950 64.481 121.7642
129.751418 65.365 106.3864
130.691651 66.303 93.2538
131.638696 67.226 81.3552
132.592604 68.092 70.0204
133.553425 68.875 58.8176
134.521208 69.561 47.4562
135.496004 70.136 35.7213
136.477864 70.582 23.4600
137.466839 70.884 10.5884
138.462981 71.036 -2.9340
139.466340 71.049 -17.1532
140.476971 70.947 -32.1602
141.494925 70.767 -48.1199
142.520256 70.542 -65.2539
143.553016 70.301 -83.7180
144.593260 70.055 -103.3927
145.641043 69.797 -123.6838
146.696418 69.511 -143.5133
147.759441 69.204 -161.6086
148.830166 68.933 -176.9191
149.908651 68.830 171.1295
150.994951 69.076 162.5126
152.089123 69.786 156.4675
153.191223 70.901 151.5873
154.301310 72.237 146.4623
155.419441 73.617 140.3140
156.545674 74.934 133.0126
157.680069 76.136 124.7346
158.822683 77.195 115.6997
159.973578 78.098 106.0939
161.132813 78.832 96.0889
162.300447 79.395 85.8661
163.476543 79.792 75.6132
164.661162 80.034 65.4984
165.854364 80.136 55.6526
167.056213 80.120 46.1643
168.266772 80.009 37.0764
169.486102 79.824 28.3844
170.714268 79.583 20.0487
171.951334 79.292 12.0154
173.197364 78.956 4.2300
174.452424 78.573 -3.3588
175.716578 78.136 -10.7893
176.989893 77.632 -18.0638
178.272434 77.042 -25.1216
179.564270 76.354 -31.8490
180.865467 75.565 -38.1260
182.176092 74.685 -43.8760
183.496216 73.734 -49.0748
184.825905 72.739 -53.7365
186.165229 71.745 -57.8933
187.514259 70.814 -61.5051
188.873065 70.042 -64.1307
190.241717 69.555 -63.9745
191.620287 69.491 -54.7568
193.008847 69.911 -22.1399
194.407468 70.731 9.9158
195.816225 71.765 16.7784
197.235190 72.838 12.8613
198.664438 73.850 4.7754
200.104042 74.760 -5.3169
201.554078 75.549 -16.6604
203.014622 76.197 -29.0309
204.485750 76.674 -42.3699
205.967538 76.953 -56.5917
207.460064 77.023 -71.5107
208.963405 76.896 -86.8052
210.477640 76.598 -101.8267
212.002848 76.169 -113.3027
213.539108 75.645 33.1232
215.086500 75.056 25.3849
216.645105 74.422 12.4427
218.215005 73.764 -0.1829
219.796281 73.110 -11.9506
221.389015 72.484 -22.8230
222.993292 71.896 -32.9451
224.609193 71.326 -42.5011
226.236804 70.724 -51.5818
227.876209 70.030 -60.0756
229.527494 69.189 -67.6096
231.190745 68.178 -73.5269
232.866048 67.019 -76.8818
234.553491 65.798 -76.5742
236.253163 64.678 -72.1772
237.965150 63.859 -65.6112
239.689544 63.441 -60.6714
241.426433 63.324 -59.4792
243.175909 63.290 -61.6128
244.938062 63.164 -65.7443
246.712984 62.869 -70.6716
248.500768 62.421 -75.6177
250.301507 61.908 -80.3120
252.115295 61.464 -85.0293
253.942226 61.219 -90.5259
255.782396 61.236 -97.7844
257.635901 61.483 -107.7036
259.502837 61.870 -121.0254
261.383301 62.302 -138.4033
263.277392 62.705 -160.1121
265.185209 63.038 174.8740
267.106850 63.296 149.2812
269.042417 63.513 125.9460
270.992009 63.740 106.1189
272.955729 64.010 89.5811
274.933678 64.303 75.5396
276.925961 64.559 63.3020
278.932681 64.722 52.5840
280.953942 64.783 43.5562
282.989850 64.811 36.7703
285.040511 64.957 32.9253
287.106032 65.391 32.2327
289.186521 66.165 33.3867
291.282086 67.155 33.5925
293.392836 68.152 30.6880
295.518881 68.978 24.4546
297.660333 69.526 15.8242
299.817302 69.746 5.9399
301.989902 69.630 -4.1665
304.178245 69.194 -13.5662
306.382446 68.484 -21.3042
308.602620 67.585 -26.2759
310.838882 66.651 -27.3831
313.091348 65.904 -24.5396
315.360137 65.538 -20.2754
317.645367 65.560 -18.4524
319.947156 65.778 -20.6306
322.265625 65.958 -25.9934
324.600895 65.949 -33.1030
326.953086 65.695 -40.6770
329.322323 65.222 -47.7551
331.708729 64.626 -53.8826
334.112427 64.037 -59.3755
336.533543 63.552 -65.2520
338.972204 63.163 -72.5532
341.428536 62.773 -81.7175
343.902668 62.286 -92.5950
346.394729 61.674 -104.8528
348.904848 61.025 -118.4827
351.433156 60.563 -134.5195
353.979786 60.586 -155.9106
356.544869 61.238 174.5913
359.128540 62.374 142.4614
361.730934 63.726 115.3076
364.352185 65.092 92.2971
366.992431 66.367 70.4478
369.651810 67.502 47.6255
372.330459 68.486 21.4849
375.028519 69.326 -13.0923
377.746130 70.048 -66.1018
380.483434 70.684 -124.8672
383.240574 71.258 -163.9275
386.017693 71.777 169.0396
388.814937 72.229 147.2964
391.632450 72.577 128.3433
394.470380 72.768 111.2346
397.328875 72.747 95.7585
400.208084 72.471 82.2805
403.108157 71.936 71.7629
406.029245 71.186 65.7983
408.971500 70.329 65.9829
411.935076 69.535 71.3203
414.920127 68.977 76.8054
417.926810 68.748 78.8044
420.955280 68.825 77.6689
424.005695 69.141 74.8704
427.078215 69.641 71.3418
430.173000 70.272 67.3149
433.290211 70.961 62.6040
436.430010 71.612 56.9700
439.592562 72.137 50.3713
442.778031 72.482 43.0349
445.986583 72.637 35.3240
449.218386 72.626 27.5168
452.473607 72.470 19.7290
455.752418 72.165 12.0449
459.054987 71.683 4.7051
462.381489 71.000 -1.7852
465.732096 70.118 -6.5857
469.106983 69.090 -8.4275
472.506325 68.050 -5.5564
475.930301 67.220 3.2380
479.379088 66.827 15.0669
482.852867 66.923 23.4810
486.351817 67.331 25.9585
489.876123 67.812 23.9392
493.425968 68.210 19.3430
497.001536 68.470 13.6670
500.603014 68.614 8.3022
504.230589 68.714 5.4319
507.884452 68.865 10.5754
511.564792 69.144 36.2053
515.271802 69.561 68.1235
519.005673 70.044 77.7561
522.766602 70.498 76.4387
526.554785 70.876 71.9976
530.370418 71.209 67.3896
534.213700 71.605 63.7532
538.084833 72.176 61.1472
541.984018 72.956 58.8877
545.911457 73.872 56.0793
549.867357 74.803 52.1304
553.851922 75.642 46.9219
557.865362 76.330 40.7097
561.907884 76.855 33.9341
565.979700 77.248 27.0195
570.081022 77.563 20.1787
574.212064 77.828 13.3123
578.373042 78.014 6.1494
582.564171 78.037 -1.3994
586.785671 77.818 -8.9800
591.037762 77.320 -15.8872
595.320665 76.565 -21.3391
599.634604 75.621 -24.6782
603.979804 74.591 -25.6475
608.356491 73.598 -24.7498
612.764893 72.740 -23.0071
617.205240 72.061 -21.1082
621.677763 71.574 -19.1309
626.182696 71.292 -17.0095
630.720274 71.225 -14.9385
635.290733 71.344 -13.3655
639.894312 71.576 -12.7166
644.531250 71.826 -13.0720
649.201789 72.034 -14.0737
653.906173 72.201 -15.1863
658.644647 72.380 -16.0508
663.417457 72.634 -16.6147
668.224854 73.004 -17.0601
673.067086 73.494 -17.7109
677.944408 74.061 -19.0413
682.857073 74.618 -21.5815
687.805336 75.058 -25.5452
692.789457 75.298 -30.5889
697.809695 75.305 -36.0088
702.866312 75.096 -41.0334
707.959571 74.740 -45.0334
713.089738 74.343 -47.7852
718.257080 74.005 -49.7090
723.461867 73.750 -51.6309
728.704370 73.507 -54.0476
733.984862 73.184 -56.6809
739.303619 72.754 -58.8110
744.660918 72.278 -59.9292
750.057038 71.866 -60.1602
755.492260 71.614 -60.2012
760.966869 71.548 -60.8484
766.481148 71.615 -62.6426
772.035387 71.717 -65.7480
777.629873 71.757 -69.9753
783.264900 71.676 -74.8540
788.940760 71.487 -79.7815
794.657750 71.280 -84.3042
800.416168 71.192 -88.4895
806.216313 71.308 -93.1931
812.058489 71.585 -99.7419
817.943000 71.890 -109.3994
823.870152 72.119 -124.6648
829.840255 72.254 179.1802
835.853619 72.370 66.1074
841.910559 72.579 46.2573
848.011390 72.955 33.7339
854.156430 73.475 23.3223
860.346000 74.047 14.0173
866.580422 74.590 5.6060
872.860020 75.081 -1.8523
879.185124 75.554 -8.3386
885.556062 76.059 -14.1650
891.973166 76.590 -19.9150
898.436771 77.087 -26.0684
904.947215 77.487 -32.7107
911.504835 77.764 -39.6221
918.109975 77.929 -46.5571
924.762978 78.004 -53.3484
931.464192 78.016 -59.9204
938.213966 77.977 -66.3389
945.012651 77.868 -72.7529
951.860602 77.635 -79.1333
958.758176 77.236 -85.1238
965.705733 76.681 -90.2346
972.703635 76.033 -94.1023
979.752246 75.388 -96.6396
986.851935 74.839 -98.0356
994.003071 74.453 -98.6458
1001.206027 74.255 -99.1404
1008.461179 74.204 -100.5298
1015.768904 74.200 -103.4636
1023.129584 74.140 -107.8335
1030.543603 73.967 -113.1638
1038.011347 73.664 -118.9810
1045.533205 73.232 -124.8618
1053.109569 72.680 -130.3330
1060.740836 72.019 -134.6274
1068.427401 71.283 -136.2197
1076.169666 70.577 -132.4268
1083.968035 70.089 -120.3472
1091.822915 69.993 -102.0417
1099.734713 70.297 -87.0261
1107.703844 70.816 -80.4819
1115.730723 71.304 -80.6973
1123.815768 71.600 -84.7053
1131.959400 71.670 -90.3003
1140.162045 71.559 -96.3057
1148.424129 71.315 -102.2004
1156.746083 70.972 -107.7046
1165.128342 70.565 -112.7590
1173.571343 70.121 -117.5693
1182.075524 69.631 -122.2190
1190.641331 69.072 -126.2969
1199.269209 68.441 -128.7620
1207.959608 67.783 -127.6699
1216.712981 67.203 -119.6631
1225.529785 66.873 -102.6287
1234.410479 66.938 -84.5325
1243.355526 67.381 -74.5776
1252.365393 68.025 -71.6926
1261.440549 68.672 -72.5088
1270.581467 69.195 -74.7275
1279.788624 69.554 -76.7759
1289.062500 69.801 -77.8538
1298.403578 70.030 -78.3823
1307.812346 70.315 -79.4011
1317.289293 70.670 -81.4231
1326.834914 71.063 -84.3962
1336.449707 71.427 -88.0623
1346.134173 71.686 -92.0393
1355.888816 71.775 -95.7261
1365.714145 71.661 -98.2639
1375.610673 71.391 -98.8113
1385.578915 71.103 -97.4546
1395.619391 70.957 -95.4338
1405.732624 71.030 -94.1235
1415.919142 71.299 -93.9932
1426.179476 71.709 -94.7749
1436.514160 72.215 -96.2322
1446.923734 72.760 -98.5500
1457.408740 73.258 -101.9875
1467.969724 73.636 -106.3718
1478.607238 73.874 -111.1611
1489.321836 73.999 -115.9421
1500.114076 74.022 -120.6487
1510.984521 73.909 -125.1492
1521.933737 73.633 -128.7373
1532.962297 73.236 -130.3284
1544.070773 72.832 -129.2097
1555.259747 72.538 -125.8655
1566.529800 72.419 -122.1548
1577.881521 72.490 -119.7136
1589.315501 72.757 -118.7493
1600.832336 73.217 -118.9973
1612.432627 73.815 -120.5984
1624.116978 74.432 -123.8660
1635.886000 74.929 -128.7109
1647.740304 75.215 -134.5100
1659.680509 75.272 -140.3872
1671.707238 75.159 -145.6094
1683.821118 74.980 -149.9697
1696.022780 74.826 -153.9380
1708.312860 74.718 -158.2280
1720.692000 74.602 -163.1790
1733.160843 74.392 -168.6370
1745.720041 74.028 -174.0767
1758.370248 73.508 -178.8618
1771.112124 72.888 177.4224
1783.946332 72.236 174.9463
1796.873543 71.598 174.0752
1809.894429 71.009 175.6140
1823.009670 70.530 179.9458
1836.219950 70.210 -174.2151
1849.525956 70.034 -168.7285
1862.928384 69.953 -164.0171
1876.427931 69.963 -159.7253
1890.025301 70.077 -156.2439
1903.721204 70.280 -154.2708
1917.516352 70.535 -153.7280
1931.411466 70.824 -154.0859
1945.407270 71.153 -154.9270
1959.504493 71.548 -156.0889
1973.703870 72.017 -157.8857
1988.006142 72.504 -160.8105
2002.412054 72.917 -164.9929
2016.922357 73.192 -170.1006
2031.537808 73.303 -175.6538
2046.259169 73.251 178.8396
2061.087206 73.062 173.9553
2076.022694 72.792 170.3113
2091.066410 72.515 168.4258
2106.219139 72.288 168.4192
2121.481671 72.140 169.5669
2136.854802 72.063 170.3381
2152.339333 72.020 169.6941
2167.936071 71.969 167.7214
2183.645829 71.883 165.0645
2199.469427 71.766 162.4075
2215.407689 71.634 160.2551
2231.461446 71.497 159.0964
2247.631536 71.391 159.4287
2263.918800 71.381 161.1321
2280.324089 71.505 163.1211
2296.848258 71.718 164.1658
2313.492167 71.940 163.9614
2330.256685 72.132 162.9709
2347.142685 72.301 161.5598
2364.151049 72.460 159.7935
2381.282662 72.619 157.8481
2398.538418 72.809 155.9739
2415.919216 73.074 154.2024
2433.425962 73.436 152.3535
2451.059570 73.870 150.1272
2468.820958 74.312 147.2395
2486.711052 74.694 143.7000
2504.730786 75.000 139.8088
2522.881098 75.278 135.7136
2541.162934 75.572 131.1748
2559.577248 75.879 125.9263
2578.125000 76.162 119.9414
2596.807157 76.381 113.3269
2615.624692 76.490 106.2068
2634.578586 76.439 98.7729
2653.669829 76.201 91.3813
2672.899414 75.787 84.4155
2692.268345 75.240 78.1582
2711.777632 74.617 72.8083
2731.428290 74.004 68.3604
2751.221345 73.471 64.5295
2771.157829 73.014 61.2119
2791.238781 72.569 59.3562
2811.465248 72.120 61.4556
2831.838284 71.757 70.4067
2852.358952 71.598 84.7214
2873.028321 71.651 96.3689
2893.847468 71.812 101.2925
2914.817480 72.011 101.3669
2935.939449 72.271 98.8125
2957.214476 72.607 94.5337
2978.643672 72.957 88.7959
3000.228152 73.215 81.9417
3021.969041 73.302 74.5916
3043.867475 73.188 67.5193
3065.924593 72.900 61.5251
3088.141547 72.511 57.1411
3110.519493 72.100 54.4106
3133.059600 71.702 53.1782
3155.763041 71.335 53.0706
3178.631001 71.011 53.1206
3201.664672 70.732 52.5911
3224.865254 70.506 51.5630
3248.233957 70.373 50.4663
3271.771999 70.392 49.6462
3295.480608 70.583 48.8101
3319.361019 70.874 46.9976
3343.414477 71.126 43.6726
3367.642236 71.221 39.8853
3392.045560 71.138 38.7402
3416.625721 70.957 45.8064
3441.383999 70.817 64.0322
3466.321686 70.831 79.7231
3491.440082 71.027 84.0508
3516.740496 71.357 81.5383
3542.224247 71.743 75.9478
3567.892664 72.127 69.0562
3593.747085 72.484 61.6440
3619.788858 72.789 53.8647
3646.019340 72.989 45.5901
3672.439900 73.030 36.8735
3699.051913 72.898 28.0801
3725.856768 72.628 19.6443
3752.855862 72.261 12.1069
3780.050603 71.830 6.6538
3807.442408 71.377 6.3147
3835.032705 70.983 17.4070
3862.822933 70.752 40.6580
3890.814540 70.739 56.5088
3919.008986 70.905 59.8174
3947.407741 71.170 56.9480
3976.012284 71.466 51.4167
4004.824108 71.731 44.5745
4033.844715 71.900 37.0732
4063.075616 71.919 29.4226
4092.518337 71.767 22.1428
4122.174412 71.467 15.6890
4152.045387 71.066 10.3777
4182.132820 70.615 6.4585
4212.438278 70.181 4.0652
4242.963342 69.840 2.9011
4273.709604 69.643 2.2261
4304.678665 69.597 1.2532
4335.872141 69.685 -0.5322
4367.291658 69.870 -3.3765
4398.938854 70.090 -7.2937
4430.815378 70.268 -11.9873
4462.922893 70.340 -16.6655
4495.263072 70.289 -19.8486
4527.837601 70.183 -19.3525
4560.648179 70.137 -13.6006
4593.696515 70.224 -5.4153
4626.984334 70.416 -0.9983
4660.513370 70.619 -2.0754
4694.285371 70.750 -6.5364
4728.302098 70.774 -12.1011
4762.565324 70.709 -17.1770
4797.076835 70.607 -20.8228
4831.838432 70.518 -22.4592
4866.851925 70.468 -21.7148
4902.119140 70.473 -18.7107
4937.641916 70.562 -14.9680
4973.422105 70.762 -12.4788
5009.461572 71.085 -11.8821
5045.762195 71.523 -12.9707
5082.325868 72.013 -15.6948
5119.154496 72.423 -19.8198
5156.250000 72.631 -24.1780
5193.614313 72.613 -26.5107
5231.249383 72.464 -24.5178
5269.157173 72.327 -18.7317
5307.339658 72.310 -13.8604
5345.798829 72.424 -13.3525
5384.536691 72.611 -16.6890
5423.555263 72.796 -22.2446
5462.856580 72.912 -28.7732
5502.442691 72.927 -35.3457
5542.315659 72.856 -41.2737
5582.477563 72.746 -46.0300
5622.930497 72.664 -49.0542
5663.676569 72.683 -49.9915
5704.717904 72.851 -49.5522
5746.056642 73.140 -49.7322
5787.694937 73.447 -52.1304
5829.634960 73.657 -56.6956
5871.878898 73.701 -62.3594
5914.428953 73.574 -67.8984
5957.287343 73.336 -72.3660
6000.456303 73.087 -75.3792
6043.938083 72.930 -77.3596
6087.734950 72.906 -79.3818
6131.849187 72.976 -82.3406
6176.283094 73.064 -86.2568
6221.038987 73.127 -90.4880
6266.119200 73.166 -94.1682
6311.526083 73.220 -96.4395
6357.262002 73.371 -96.9373
6403.329344 73.705 -96.5520
6449.730508 74.221 -97.1729
6496.467914 74.793 -100.1956
6543.543998 75.239 -105.7720
6590.961215 75.414 -113.0364
6638.722037 75.258 -120.5718
6686.828954 74.822 -127.0388
6735.284473 74.230 -131.7886
6784.091120 73.619 -135.1309
6833.251441 73.053 -137.9846
6882.767998 72.513 -141.0156
6932.643372 71.973 -144.0652
6982.880164 71.458 -146.4390
7033.480992 71.020 -147.1599
7084.448495 70.712 -145.1824
7135.785329 70.574 -140.7852
7187.494171 70.584 -136.7532
7239.577717 70.639 -135.6326
7292.038681 70.637 -137.0535
7344.879799 70.563 -139.1355
7398.103826 70.503 -140.3564
7451.713536 70.573 -140.4009
7505.711724 70.825 -140.2166
7560.101205 71.193 -141.1184
7614.884815 71.558 -143.6038
7670.065409 71.831 -147.2942
7725.645865 71.998 -151.4165
7781.629080 72.114 -155.1992
7838.017972 72.271 -158.4099
7894.815481 72.505 -161.6001
7952.024569 72.749 -165.5276
8009.648217 72.882 -170.3440
8067.689429 72.820 -175.3899
8126.151233 72.584 -179.6953
8185.036674 72.287 177.1804
8244.348824 72.070 174.8572
8304.090774 72.021 172.4116
8364.265639 72.112 169.0095
8424.876556 72.229 164.5095
8485.926684 72.253 159.4819
8547.419207 72.119 154.8992
8609.357330 71.838 151.6423
8671.744282 71.455 150.0779
8734.583316 71.014 150.6035
8797.877707 70.582 154.4951
8861.630756 70.271 163.5781
8925.845785 70.185 178.5703
8990.526143 70.348 -164.1738
9055.675202 70.683 -151.0154
9121.296357 71.072 -143.7732
9187.393031 71.440 -140.5562
9253.968668 71.788 -139.5244
9321.026740 72.158 -140.1704
9388.570742 72.550 -142.5898
9456.604196 72.918 -146.5669
9525.130648 73.215 -151.4934
9594.153671 73.427 -156.7825
9663.676863 73.576 -162.1145
9733.703850 73.689 -167.4746
9804.238280 73.765 -173.0256
9875.283832 73.765 -178.7729
9946.844210 73.648 175.5864
10018.923143 73.425 170.4912
10091.524390 73.158 166.0845
10164.651736 72.906 162.1338
10238.308993 72.686 158.3640
10312.500000 72.485 154.7300
10387.228626 72.285 151.4761
10462.498767 72.083 148.9763
10538.314345 71.883 147.3611
10614.679315 71.673 146.6230
10691.597657 71.446 146.7644
10769.073381 71.229 147.2932
10847.110526 71.056 147.4426
10925.713161 70.940 146.9231
11004.885382 70.879 145.8855
11084.631318 70.856 144.5964
11164.955126 70.857 143.1970
11245.860993 70.872 141.5466
11327.353138 70.883 139.5627
11409.435808 70.894 137.3965
11492.113283 70.931 135.0840
11575.389873 71.006 132.4048
11659.269920 71.092 129.2034
11743.757796 71.139 125.6172
11828.857906 71.117 122.0134
11914.574686 71.036 118.7051
12000.912606 70.923 115.7493
12087.876166 70.794 113.1619
12175.469900 70.667 111.0601
12263.698373 70.570 109.5662
12352.566187 70.528 108.6206
12442.077974 70.552 107.9038
12532.238400 70.643 107.1038
12623.052165 70.808 105.9116
12714.524005 71.033 103.9966
12806.658687 71.289 101.3567
12899.461015 71.549 98.2866
12992.935827 71.801 95.0640
13087.087996 72.037 91.8069
13181.922430 72.254 88.4988
13277.444074 72.461 85.1182
13373.657907 72.680 81.5952
13470.568945 72.916 77.7683
13568.182241 73.140 73.5168
13666.502883 73.318 68.8921
13765.535996 73.444 64.0732
13865.286744 73.537 59.1677
13965.760328 73.615 54.2366
14066.961984 73.677 49.3562
14168.896989 73.710 44.5750
14271.570658 73.705 39.8901
14374.988342 73.654 35.2075
14479.155433 73.549 30.4194
14584.077362 73.389 25.4287
14689.759598 73.174 20.2744
14796.207652 72.913 15.1968
14903.427072 72.628 10.4199
15011.423448 72.338 6.0488
15120.202410 72.050 2.1436
15229.769630 71.776 -1.2822
15340.130819 71.523 -4.3652
15451.291730 71.279 -7.2480
15563.258160 71.009 -9.9453
15676.035944 70.691 -12.3696
15789.630962 70.328 -14.4990
15904.049137 69.940 -16.3613
16019.296433 69.553 -17.9834
16135.378859 69.197 -19.3027
16252.302465 68.916 -20.2656
16370.073348 68.757 -20.9922
16488.697648 68.753 -21.7881
16608.181548 68.909 -22.9629
16728.531278 69.195 -24.7871
16849.753112 69.563 -27.5557
16971.853368 69.947 -31.4507
17094.838414 70.285 -36.3984
17218.714660 70.532 -42.1816
17343.488565 70.670 -48.5166
17469.166632 70.708 -55.1299
17595.755415 70.672 -61.8408
17723.261512 70.578 -68.5771
17851.691571 70.421 -75.2891
17981.052287 70.182 -81.8936
18111.350404 69.842 -88.2373
18242.592715 69.408 -94.1909
18374.786062 68.906 -99.7466
18507.937336 68.362 -105.0103
18642.053479 67.793 -110.1924
18777.141484 67.202 -115.5190
18913.208391 66.582 -121.1123
19050.261296 65.932 -126.9736
19188.307342 65.253 -133.0469
19327.353727 64.552 -139.2471
19467.407699 63.842 -145.4829
19608.476560 63.148 -151.6753
19750.567664 62.509 -157.7510
19893.688419 62.000 -163.6323
20037.846286 61.712 -169.2217
