* Measurement data measured by REW V5.31.3
* Source: Umik-1  Gain: 18dB, , L, volume: no control. Timing signal peak level -43.0 dBFS, measurement signal peak level -33.1 dBFS
* Format: 512k Log Swept Sine, 1 sweep at -12.0 dBFS using an acoustic timing reference
* Dated: Jul 13, 2026 10:53:20 AM
* REW Settings:
*  C-weighting compensation: Off
*  Target level: 75.0 dB
* Note: ; droite 10 gauche 11 sans eq Delay -0.0315 ms (-11 mm, -0.43 in) using estimated IR delay relative to Acoustic reference played from  R with no timing offset
* Measurement: L+R exp002 Jul 13
* Smoothing: 1/12 octave
* Frequency Step: 96 ppo
* Start Frequency: 20.141602 Hz
*
* Freq(Hz) SPL(dB) Phase(degrees)
20.141602 50.577 -117.7172
20.287556 50.478 -118.0113
20.434568 50.342 -118.5028
20.582645 50.203 -119.2067
20.731796 50.101 -120.1118
20.882027 50.077 -121.1661
21.033346 50.163 -122.2764
21.185763 50.374 -123.3241
21.339284 50.702 -124.1972
21.493917 51.123 -124.8221
21.649671 51.597 -125.1796
21.806553 52.085 -125.3029
21.964572 52.551 -125.2628
22.123737 52.965 -125.1478
22.284054 53.305 -125.0494
22.445534 53.554 -125.0513
22.608183 53.702 -125.2221
22.772012 53.743 -125.6115
22.937027 53.676 -126.2447
23.103238 53.506 -127.1156
23.270654 53.242 -128.1801
23.439282 52.901 -129.3462
23.609133 52.508 -130.4740
23.780215 52.096 -131.3857
23.952536 51.708 -131.8979
24.126106 51.389 -131.8773
24.300934 51.178 -131.2961
24.477028 51.093 -130.2603
24.654399 51.125 -128.9736
24.833055 51.236 -127.6435
25.013005 51.377 -126.3790
25.194260 51.504 -125.1137
25.376828 51.595 -123.5702
25.560719 51.666 -121.2393
25.745942 51.787 -117.3837
25.932508 52.082 -111.1844
26.120426 52.689 -102.2908
26.309705 53.665 -91.7889
26.500356 54.943 -82.1703
26.692388 56.375 -75.4323
26.885812 57.819 -71.9310
27.080638 59.182 -71.0661
27.276876 60.412 -72.1023
27.474535 61.486 -74.4578
27.673627 62.401 -77.7240
27.874161 63.165 -81.6124
28.076149 63.791 -85.9073
28.279600 64.298 -90.4284
28.484526 64.705 -95.0131
28.690937 65.034 -99.5093
28.898843 65.305 -103.7837
29.108256 65.536 -107.7351
29.319186 65.740 -111.3098
29.531645 65.922 -114.5089
29.745644 66.084 -117.3848
29.961193 66.221 -120.0250
30.178304 66.328 -122.5303
30.396989 66.396 -124.9903
30.617258 66.422 -127.4651
30.839123 66.408 -129.9733
31.062596 66.360 -132.4895
31.287688 66.291 -134.9495
31.514412 66.217 -137.2647
31.742778 66.156 -139.3413
31.972800 66.121 -141.1005
32.204488 66.122 -142.4929
32.437855 66.161 -143.5022
32.672913 66.236 -144.1396
32.909674 66.344 -144.4373
33.148151 66.486 -144.4477
33.388356 66.663 -144.2527
33.630302 66.882 -143.9755
33.874001 67.143 -143.7830
34.119466 67.441 -143.8665
34.366710 67.760 -144.4034
34.615745 68.074 -145.5132
34.866585 68.355 -147.2255
35.119243 68.578 -149.4689
35.373731 68.721 -152.0778
35.630064 68.775 -154.8103
35.888254 68.739 -157.3734
36.148315 68.627 -159.4551
36.410261 68.470 -160.7729
36.674104 68.310 -161.1365
36.939860 68.201 -160.5185
37.207542 68.193 -159.1015
37.477163 68.310 -157.2467
37.748738 68.547 -155.3680
38.022281 68.871 -153.7814
38.297806 69.243 -152.6229
38.575327 69.629 -151.8721
38.854860 70.013 -151.4280
39.136419 70.390 -151.1829
39.420017 70.767 -151.0659
39.705671 71.152 -151.0531
39.993395 71.551 -151.1545
40.283203 71.969 -151.3908
40.575112 72.404 -151.7760
40.869136 72.854 -152.3127
41.165290 73.315 -152.9999
41.463591 73.784 -153.8438
41.764053 74.260 -154.8658
42.066693 74.743 -156.0999
42.371525 75.233 -157.5838
42.678567 75.727 -159.3451
42.987834 76.219 -161.3903
43.299341 76.700 -163.7008
43.613106 77.158 -166.2354
43.929145 77.579 -168.9365
44.247473 77.952 -171.7380
44.568109 78.269 -174.5701
44.891068 78.529 -177.3622
45.216367 78.737 179.9560
45.544023 78.904 177.4508
45.874054 79.049 175.1788
46.206476 79.192 173.1755
46.541307 79.353 171.4433
46.878565 79.546 169.9440
47.218266 79.781 168.6018
47.560429 80.059 167.3173
47.905072 80.373 165.9898
48.252212 80.716 164.5389
48.601867 81.076 162.9161
48.954056 81.446 161.1068
49.308798 81.817 159.1216
49.666109 82.185 156.9847
50.026010 82.547 154.7244
50.388520 82.902 152.3661
50.753656 83.256 149.9303
51.121437 83.613 147.4304
51.491884 83.982 144.8692
51.865016 84.371 142.2343
52.240851 84.787 139.4936
52.619410 85.234 136.5943
53.000712 85.711 133.4670
53.384777 86.215 130.0309
53.771625 86.736 126.2029
54.161276 87.260 121.9059
54.553751 87.766 117.0826
54.949070 88.230 111.7088
55.347254 88.624 105.8067
55.748323 88.922 99.4534
56.152298 89.101 92.7794
56.559201 89.145 85.9603
56.969052 89.045 79.2003
57.381873 88.799 72.7186
57.797686 88.418 66.7407
58.216512 87.922 61.5019
58.638373 87.347 57.2552
59.063291 86.756 54.2617
59.491288 86.245 52.7125
59.922386 85.946 52.5254
60.356608 85.981 53.0840
60.793977 86.370 53.2572
61.234515 87.001 51.9273
61.678246 87.703 48.5548
62.125192 88.328 43.2316
62.575377 88.783 36.3949
63.028824 89.023 28.5693
63.485557 89.035 20.2426
63.945599 88.829 11.8267
64.408975 88.428 3.6458
64.875709 87.865 -4.0715
65.345825 87.182 -11.2007
65.819348 86.421 -17.7261
66.296302 85.627 -23.7350
66.776713 84.835 -29.3977
67.260604 84.066 -34.9294
67.748002 83.320 -40.5331
68.238932 82.574 -46.3379
68.733420 81.787 -52.3493
69.231490 80.913 -58.4291
69.733170 79.909 -64.3034
70.238485 78.746 -69.5859
70.747463 77.414 -73.8110
71.260128 75.923 -76.4853
71.776508 74.308 -77.1906
72.296630 72.634 -75.7812
72.820521 70.990 -72.6667
73.348209 69.492 -68.9519
73.879720 68.243 -66.0875
74.415083 67.286 -65.2079
74.954326 66.580 -66.8508
75.497475 66.035 -71.2241
76.044561 65.593 -78.6470
76.595612 65.264 -89.9680
77.150655 65.134 -106.9149
77.709720 65.317 -131.3462
78.272837 65.863 -160.6126
78.840034 66.705 173.6310
79.411342 67.704 154.8781
79.986789 68.724 141.3380
80.566406 69.675 130.9927
81.150224 70.521 122.6570
81.738272 71.273 115.6693
82.330581 71.975 109.6230
82.927182 72.681 104.2347
83.528107 73.424 99.2713
84.133386 74.203 94.5096
84.743051 74.993 89.7292
85.357134 75.761 84.7276
85.975667 76.474 79.3372
86.598682 77.099 73.4460
87.226212 77.604 67.0255
87.858289 77.963 60.1484
88.494946 78.156 52.9844
89.136217 78.172 45.7734
89.782135 78.003 38.8000
90.432733 77.651 32.3906
91.088046 77.127 26.9264
91.748108 76.464 22.8254
92.412952 75.731 20.4274
93.082615 75.037 19.7570
93.757130 74.508 20.2921
94.436533 74.224 21.0530
95.120859 74.168 21.0850
95.810144 74.247 19.8807
96.504423 74.346 17.4131
97.203734 74.367 13.9756
97.908112 74.244 10.0827
98.617595 73.941 6.4948
99.332219 73.472 4.3395
100.052021 72.922 5.2579
100.777039 72.476 11.1497
101.507311 72.372 22.0906
102.242875 72.737 33.4135
102.983769 73.468 39.9181
103.730032 74.342 41.0634
104.481702 75.174 38.5226
105.238820 75.866 33.8036
106.001424 76.383 27.8912
106.769554 76.727 21.3957
107.543250 76.912 14.6912
108.322553 76.951 8.0007
109.107503 76.851 1.4622
109.898141 76.615 -4.8113
110.694508 76.247 -10.6898
111.496646 75.765 -16.0177
112.304596 75.211 -20.6592
113.118402 74.657 -24.6018
113.938104 74.192 -28.0826
114.763747 73.890 -31.6329
115.595372 73.755 -35.9400
116.433024 73.715 -41.5768
117.276746 73.653 -48.8059
118.126581 73.465 -57.5951
118.982575 73.090 -67.7906
119.844772 72.516 -79.3268
120.713217 71.774 -92.4354
121.587954 70.936 -107.8575
122.469031 70.098 -126.9690
123.356492 69.366 -151.2373
124.250384 68.832 -179.6472
125.150753 68.550 153.3027
126.057647 68.535 132.1252
126.971113 68.776 116.7500
127.891198 69.250 105.4414
128.817950 69.921 96.6637
129.751418 70.737 89.2764
130.691651 71.628 82.4397
131.638696 72.525 75.5712
132.592604 73.371 68.3165
133.553425 74.123 60.5056
134.521208 74.745 52.0980
135.496004 75.213 43.1263
136.477864 75.506 33.6484
137.466839 75.615 23.7142
138.462981 75.535 13.3433
139.466340 75.270 2.5145
140.476971 74.825 -8.8455
141.494925 74.214 -20.9421
142.520256 73.471 -34.3619
143.553016 72.664 -50.8629
144.593260 71.905 -76.6266
145.641043 71.328 -131.3793
146.696418 71.031 170.2939
147.759441 71.015 143.8129
148.830166 71.204 129.0483
149.908651 71.513 119.0293
150.994951 71.912 111.9888
152.089123 72.442 107.4495
153.191223 73.181 105.1372
154.301310 74.180 104.4109
155.419441 75.402 104.0963
156.545674 76.740 102.9534
157.680069 78.073 100.2802
158.822683 79.317 95.9923
159.973578 80.419 90.3407
161.132813 81.354 83.6724
162.300447 82.114 76.3265
163.476543 82.702 68.6071
164.661162 83.127 60.7773
165.854364 83.409 53.0594
167.056213 83.578 45.6198
168.266772 83.666 38.5431
169.486102 83.708 31.8229
170.714268 83.729 25.3860
171.951334 83.744 19.1315
173.197364 83.758 12.9547
174.452424 83.768 6.7512
175.716578 83.764 0.4244
176.989893 83.732 -6.0967
178.272434 83.657 -12.8446
179.564270 83.525 -19.8313
180.865467 83.321 -27.0675
182.176092 83.021 -34.5437
183.496216 82.595 -42.1792
184.825905 82.014 -49.7944
186.165229 81.259 -57.1199
187.514259 80.324 -63.7966
188.873065 79.220 -69.2954
190.241717 77.984 -72.6691
191.620287 76.710 -71.9626
193.008847 75.588 -63.2488
194.407468 74.909 -43.1737
195.816225 74.895 -22.2439
197.235190 75.483 -12.5826
198.664438 76.403 -11.6077
200.104042 77.414 -15.2106
201.554078 78.376 -21.4062
203.014622 79.206 -29.3898
204.485750 79.846 -38.7949
205.967538 80.249 -49.3169
207.460064 80.388 -60.5658
208.963405 80.248 -72.0052
210.477640 79.831 -82.8251
212.002848 79.158 -91.5476
213.539108 78.273 -94.8336
215.086500 77.261 -84.4430
216.645105 76.248 -55.2866
218.215005 75.371 -36.5737
219.796281 74.719 -34.1310
221.389015 74.280 -38.2800
222.993292 73.961 -44.8433
224.609193 73.651 -52.2239
226.236804 73.266 -59.6831
227.876209 72.758 -66.7916
229.527494 72.105 -73.2285
231.190745 71.310 -78.7006
232.866048 70.393 -82.9314
234.553491 69.408 -85.7034
236.253163 68.440 -86.9707
237.965150 67.609 -87.0243
239.689544 67.046 -86.5344
241.426433 66.848 -86.2993
243.175909 67.046 -86.9617
244.938062 67.591 -89.0494
246.712984 68.377 -93.1394
248.500768 69.264 -99.7634
250.301507 70.134 -109.1458
252.115295 70.916 -121.1405
253.942226 71.584 -135.3799
255.782396 72.142 -151.3997
257.635901 72.609 -168.6460
259.502837 73.005 173.5468
261.383301 73.353 155.8810
263.277392 73.670 138.9192
265.185209 73.962 122.9563
267.106850 74.230 108.0387
269.042417 74.472 94.0868
270.992009 74.692 80.9838
272.955729 74.900 68.5822
274.933678 75.096 56.6929
276.925961 75.260 45.1084
278.932681 75.353 33.6641
280.953942 75.325 22.3137
282.989850 75.128 11.1981
285.040511 74.733 0.7128
287.106032 74.137 -8.3927
289.186521 73.372 -14.8026
291.282086 72.514 -16.4259
293.392836 71.681 -11.3853
295.518881 70.987 -2.3259
297.660333 70.458 3.5927
299.817302 70.003 3.9702
301.989902 69.488 1.0869
304.178245 68.822 -2.3964
306.382446 67.990 -4.4283
308.602620 67.076 -3.5436
310.838882 66.261 0.7064
313.091348 65.769 6.9644
315.360137 65.730 12.5530
317.645367 66.084 15.6421
319.947156 66.661 16.0813
322.265625 67.310 14.4943
324.600895 67.956 11.5286
326.953086 68.571 7.5596
329.322323 69.130 2.6265
331.708729 69.583 -3.3873
334.112427 69.861 -10.4857
336.533543 69.902 -18.4138
338.972204 69.669 -26.6956
341.428536 69.160 -34.7806
343.902668 68.405 -42.1891
346.394729 67.462 -48.6268
348.904848 66.425 -54.1321
351.433156 65.417 -59.1964
353.979786 64.574 -64.6224
356.544869 64.020 -71.0696
359.128540 63.889 -78.7202
361.730934 64.330 -87.3945
364.352185 65.398 -96.9136
366.992431 66.941 -107.3750
369.651810 68.697 -119.1255
372.330459 70.446 -132.3911
375.028519 72.054 -146.9863
377.746130 73.451 -162.4395
380.483434 74.607 -178.2305
383.240574 75.518 166.0879
386.017693 76.191 150.8564
388.814937 76.648 136.3105
391.632450 76.903 122.5957
394.470380 76.961 109.8103
397.328875 76.810 98.1079
400.208084 76.428 87.8318
403.108157 75.815 79.5696
406.029245 75.012 74.0605
408.971500 74.128 71.8672
411.935076 73.342 72.7473
414.920127 72.849 75.2688
417.926810 72.745 77.6067
420.955280 72.989 78.8015
424.005695 73.476 78.8899
427.078215 74.129 78.1980
430.173000 74.893 76.7844
433.290211 75.703 74.3862
436.430010 76.471 70.7180
439.592562 77.115 65.7490
442.778031 77.579 59.7627
445.986583 77.851 53.1895
449.218386 77.940 46.3865
452.473607 77.856 39.5906
455.752418 77.598 33.0220
459.054987 77.155 26.9802
462.381489 76.528 21.8647
465.732096 75.736 18.1326
469.106983 74.827 16.2244
472.506325 73.886 16.4421
475.930301 73.027 18.7219
479.379088 72.367 22.3423
482.852867 71.961 26.0129
486.351817 71.763 28.6758
489.876123 71.668 30.1848
493.425968 71.593 31.1365
497.001536 71.522 32.3894
500.603014 71.495 34.8994
504.230589 71.593 39.7593
507.884452 71.909 47.5779
511.564792 72.480 56.7893
515.271802 73.239 63.9617
519.005673 74.054 67.3853
522.766602 74.826 67.9031
526.554785 75.536 67.0388
530.370418 76.233 65.8916
534.213700 76.981 64.8633
538.084833 77.811 63.7026
541.984018 78.689 61.8684
545.911457 79.551 59.0093
549.867357 80.336 55.1680
553.851922 81.016 50.6672
557.865362 81.591 45.9661
561.907884 82.094 41.5938
565.979700 82.586 37.9507
570.081022 83.115 34.8921
574.212064 83.656 31.5330
578.373042 84.110 26.8862
582.564171 84.369 20.7539
586.785671 84.374 13.7285
591.037762 84.131 6.5698
595.320665 83.677 -0.1536
599.634604 83.061 -6.0774
603.979804 82.334 -10.9980
608.356491 81.546 -14.8459
612.764893 80.737 -17.5713
617.205240 79.939 -18.9216
621.677763 79.201 -18.3225
626.182696 78.619 -15.1572
630.720274 78.325 -9.6511
635.290733 78.386 -3.6848
639.894312 78.727 0.3547
644.531250 79.193 1.6426
649.201789 79.667 0.8403
653.906173 80.113 -1.1553
658.644647 80.535 -3.8711
663.417457 80.923 -7.2217
668.224854 81.244 -11.2070
673.067086 81.464 -15.6904
677.944408 81.567 -20.4250
682.857073 81.564 -25.1953
687.805336 81.469 -29.8748
692.789457 81.296 -34.3894
697.809695 81.045 -38.6702
702.866312 80.711 -42.5750
707.959571 80.303 -45.8391
713.089738 79.862 -48.2483
718.257080 79.463 -49.9580
723.461867 79.153 -51.5593
728.704370 78.908 -53.6917
733.984862 78.649 -56.5593
739.303619 78.296 -59.8616
744.660918 77.807 -63.0508
750.057038 77.183 -65.5269
755.492260 76.466 -66.7290
760.966869 75.743 -66.3286
766.481148 75.130 -64.6362
772.035387 74.713 -62.7610
777.629873 74.474 -61.9316
783.264900 74.304 -62.5991
788.940760 74.079 -64.3059
794.657750 73.738 -66.0486
800.416168 73.317 -66.6650
806.216313 72.947 -65.2546
812.058489 72.787 -61.1460
817.943000 72.923 -52.2756
823.870152 73.353 -32.6504
829.840255 74.031 -3.5198
835.853619 74.891 13.7512
841.910559 75.835 17.5867
848.011390 76.749 15.1907
854.156430 77.539 10.1873
860.346000 78.150 4.2705
866.580422 78.588 -1.5479
872.860020 78.910 -6.6040
879.185124 79.214 -10.5779
885.556062 79.594 -13.6731
891.973166 80.080 -16.6458
898.436771 80.606 -20.3352
904.947215 81.061 -25.0793
911.504835 81.364 -30.6074
918.109975 81.487 -36.3569
924.762978 81.463 -41.7903
931.464192 81.360 -46.6218
938.213966 81.250 -50.9600
945.012651 81.155 -55.1914
951.860602 81.039 -59.6011
958.758176 80.852 -64.1094
965.705733 80.576 -68.4170
972.703635 80.232 -72.2712
979.752246 79.848 -75.5137
986.851935 79.457 -77.9573
994.003071 79.106 -79.4331
1001.206027 78.866 -80.2012
1008.461179 78.778 -81.1375
1015.768904 78.801 -83.1304
1023.129584 78.850 -86.4697
1030.543603 78.847 -90.9792
1038.011347 78.740 -96.3596
1045.533205 78.490 -102.2886
1053.109569 78.073 -108.4314
1060.740836 77.469 -114.3906
1068.427401 76.667 -119.5708
1076.169666 75.687 -123.0312
1083.968035 74.610 -123.3259
1091.822915 73.602 -118.2219
1099.734713 72.878 -105.4077
1107.703844 72.590 -88.3499
1115.730723 72.696 -76.8921
1123.815768 73.009 -73.4390
1131.959400 73.335 -74.9736
1140.162045 73.524 -79.0701
1148.424129 73.472 -84.2715
1156.746083 73.143 -89.4722
1165.128342 72.583 -93.8845
1173.571343 71.907 -97.0652
1182.075524 71.280 -98.4824
1190.641331 70.909 -96.7476
1199.269209 70.972 -87.6738
1207.959608 71.511 -60.6770
1216.712981 72.404 -25.1772
1225.529785 73.458 -11.5352
1234.410479 74.498 -11.1885
1243.355526 75.413 -15.8457
1252.365393 76.154 -22.3308
1261.440549 76.701 -29.3054
1270.581467 77.044 -36.0491
1279.788624 77.203 -42.0254
1289.062500 77.247 -46.9866
1298.403578 77.263 -51.2180
1307.812346 77.292 -55.2556
1317.289293 77.324 -59.3887
1326.834914 77.325 -63.5835
1336.449707 77.268 -67.6409
1346.134173 77.136 -71.2942
1355.888816 76.918 -74.2043
1365.714145 76.629 -75.9492
1375.610673 76.333 -76.2080
1385.578915 76.134 -75.2527
1395.619391 76.109 -73.9963
1405.732624 76.251 -73.3875
1415.919142 76.501 -73.7930
1426.179476 76.808 -75.1155
1436.514160 77.136 -77.2014
1446.923734 77.445 -79.9482
1457.408740 77.688 -83.2009
1467.969724 77.830 -86.6023
1478.607238 77.885 -89.6877
1489.321836 77.897 -92.2375
1500.114076 77.890 -94.4114
1510.984521 77.846 -96.2898
1521.933737 77.757 -97.3833
1532.962297 77.686 -97.1077
1544.070773 77.714 -95.7878
1555.259747 77.828 -94.7021
1566.529800 77.924 -94.7903
1577.881521 77.913 -95.5608
1589.315501 77.829 -95.6421
1600.832336 77.814 -94.1836
1612.432627 78.009 -91.9106
1624.116978 78.422 -90.7056
1635.886000 78.917 -91.7915
1647.740304 79.333 -94.9556
1659.680509 79.597 -99.2234
1671.707238 79.726 -103.7239
1683.821118 79.790 -108.1260
1696.022780 79.842 -112.6284
1708.312860 79.884 -117.5125
1720.692000 79.878 -122.8340
1733.160843 79.779 -128.4417
1745.720041 79.551 -134.0386
1758.370248 79.192 -139.2935
1771.112124 78.725 -144.0249
1783.946332 78.171 -148.1052
1796.873543 77.540 -151.1421
1809.894429 76.864 -152.4600
1823.009670 76.227 -151.5916
1836.219950 75.734 -149.0571
1849.525956 75.420 -146.2825
1862.928384 75.223 -144.2554
1876.427931 75.047 -142.8345
1890.025301 74.843 -141.3896
1903.721204 74.621 -139.5364
1917.516352 74.419 -137.2786
1931.411466 74.267 -134.7620
1945.407270 74.179 -131.7893
1959.504493 74.196 -128.2212
1973.703870 74.362 -124.8137
1988.006142 74.665 -122.6658
2002.412054 75.045 -122.1589
2016.922357 75.440 -123.0613
2031.537808 75.808 -125.0312
2046.259169 76.124 -127.6565
2061.087206 76.388 -130.4917
2076.022694 76.608 -133.1755
2091.066410 76.802 -135.4707
2106.219139 76.992 -137.3823
2121.481671 77.194 -139.2390
2136.854802 77.409 -141.5090
2152.339333 77.622 -144.3699
2167.936071 77.824 -147.7642
2183.645829 77.991 -151.6489
2199.469427 78.070 -155.9651
2215.407689 77.998 -160.4529
2231.461446 77.736 -164.4814
2247.631536 77.320 -167.2229
2263.918800 76.870 -168.1243
2280.324089 76.548 -167.2915
2296.848258 76.471 -165.4385
2313.492167 76.659 -163.5300
2330.256685 77.039 -162.6003
2347.142685 77.472 -163.5239
2364.151049 77.809 -166.4790
2381.282662 77.956 -170.7983
2398.538418 77.898 -175.4927
2415.919216 77.679 -179.6948
2433.425962 77.386 177.1331
2451.059570 77.124 175.0586
2468.820958 76.966 173.6897
2486.711052 76.927 172.4185
2504.730786 76.973 170.8433
2522.881098 77.074 168.7661
2541.162934 77.200 165.9294
2559.577248 77.297 162.1960
2578.125000 77.311 157.7649
2596.807157 77.208 152.9778
2615.624692 76.969 148.1887
2634.578586 76.585 143.8228
2653.669829 76.077 140.3923
2672.899414 75.510 138.2058
2692.268345 74.965 137.0544
2711.777632 74.494 136.4246
2731.428290 74.103 136.1091
2751.221345 73.778 136.4626
2771.157829 73.512 138.3357
2791.238781 73.344 142.2354
2811.465248 73.334 146.8784
2831.838284 73.496 149.9778
2852.358952 73.770 150.5952
2873.028321 74.057 149.1365
2893.847468 74.251 146.4419
2914.817480 74.300 143.5066
2935.939449 74.259 141.0820
2957.214476 74.240 139.0784
2978.643672 74.299 136.7944
3000.228152 74.404 133.7844
3021.969041 74.489 130.3613
3043.867475 74.506 127.5481
3065.924593 74.457 126.9260
3088.141547 74.408 129.5764
3110.519493 74.440 134.1023
3133.059600 74.554 137.3528
3155.763041 74.653 137.7422
3178.631001 74.626 136.0581
3201.664672 74.439 134.0010
3224.865254 74.170 132.5991
3248.233957 73.952 131.8000
3271.771999 73.886 130.7976
3295.480608 73.962 128.6680
3319.361019 74.062 125.1296
3343.414477 74.048 120.6858
3367.642236 73.838 116.4287
3392.045560 73.442 113.7061
3416.625721 72.965 113.5784
3441.383999 72.561 115.7705
3466.321686 72.350 118.1543
3491.440082 72.343 118.5686
3516.740496 72.453 116.5149
3542.224247 72.565 112.6733
3567.892664 72.602 107.9270
3593.747085 72.532 102.8457
3619.788858 72.352 97.7000
3646.019340 72.082 92.8242
3672.439900 71.768 88.8403
3699.051913 71.480 86.8557
3725.856768 71.288 88.9622
3752.855862 71.227 99.1108
3780.050603 71.291 119.6101
3807.442408 71.456 138.5725
3835.032705 71.693 145.7422
3862.822933 71.968 144.9795
3890.814540 72.248 140.5549
3919.008986 72.495 134.4705
3947.407741 72.677 127.7068
3976.012284 72.777 120.8625
4004.824108 72.792 114.3464
4033.844715 72.734 108.4265
4063.075616 72.615 103.2754
4092.518337 72.453 99.1965
4122.174412 72.280 96.6589
4152.045387 72.147 95.8884
4182.132820 72.106 96.2407
4212.438278 72.176 96.1362
4242.963342 72.328 94.2007
4273.709604 72.493 90.2534
4304.678665 72.616 84.9519
4335.872141 72.674 79.1245
4367.291658 72.673 73.3967
4398.938854 72.627 68.0356
4430.815378 72.534 63.1147
4462.922893 72.363 59.1174
4495.263072 72.092 57.5154
4527.837601 71.755 60.1831
4560.648179 71.423 66.5808
4593.696515 71.168 72.3032
4626.984334 71.041 74.3965
4660.513370 71.076 73.7087
4694.285371 71.273 72.2534
4728.302098 71.586 71.8679
4762.565324 71.966 73.8516
4797.076835 72.375 78.9905
4831.838432 72.788 88.0508
4866.851925 73.158 98.9773
4902.119140 73.411 106.3518
4937.641916 73.489 108.1489
4973.422105 73.407 106.5120
5009.461572 73.234 103.4292
5045.762195 73.062 100.0076
5082.325868 72.938 97.1042
5119.154496 72.843 95.8865
5156.250000 72.747 97.3586
5193.614313 72.683 100.6016
5231.249383 72.725 102.3342
5269.157173 72.905 100.4614
5307.339658 73.193 95.2742
5345.798829 73.501 87.6826
5384.536691 73.733 78.6187
5423.555263 73.836 69.0178
5462.856580 73.822 59.7449
5502.442691 73.741 51.6089
5542.315659 73.649 45.8499
5582.477563 73.610 44.5791
5622.930497 73.690 49.8167
5663.676569 73.887 58.7529
5704.717904 74.115 63.7439
5746.056642 74.259 62.7034
5787.694937 74.260 58.0078
5829.634960 74.141 51.7703
5871.878898 73.965 45.8762
5914.428953 73.789 42.3008
5957.287343 73.624 42.9824
6000.456303 73.444 48.9260
6043.938083 73.243 57.4287
6087.734950 73.079 63.4800
6131.849187 72.996 64.9263
6176.283094 72.958 62.5630
6221.038987 72.886 58.3567
6266.119200 72.749 54.3125
6311.526083 72.609 51.0608
6357.262002 72.560 47.5847
6403.329344 72.658 42.0369
6449.730508 72.872 33.1252
6496.467914 73.088 20.7791
6543.543998 73.187 5.6890
6590.961215 73.097 -10.9810
6638.722037 72.816 -27.9192
6686.828954 72.405 -43.9651
6735.284473 71.965 -58.1736
6784.091120 71.619 -70.1130
6833.251441 71.473 -80.2932
6882.767998 71.554 -90.0398
6932.643372 71.791 -100.7686
6982.880164 72.045 -113.1646
7033.480992 72.176 -126.9199
7084.448495 72.072 -140.9304
7135.785329 71.691 -153.4487
7187.494171 71.086 -162.4846
7239.577717 70.376 -166.1079
7292.038681 69.696 -163.2341
7344.879799 69.182 -155.8521
7398.103826 68.954 -147.0364
7451.713536 69.060 -136.3350
7505.711724 69.431 -121.0737
7560.101205 69.919 -104.8416
7614.884815 70.368 -96.9390
7670.065409 70.682 -97.6113
7725.645865 70.850 -101.9680
7781.629080 70.924 -106.1970
7838.017972 70.974 -108.1335
7894.815481 71.054 -108.1389
7952.024569 71.192 -108.9604
8009.648217 71.371 -112.4688
8067.689429 71.543 -118.0557
8126.151233 71.655 -123.9128
8185.036674 71.694 -128.0920
8244.348824 71.700 -129.0854
8304.090774 71.733 -126.8894
8364.265639 71.820 -124.0957
8424.876556 71.935 -123.4854
8485.926684 72.025 -125.3242
8547.419207 72.067 -128.3352
8609.357330 72.086 -131.4983
8671.744282 72.106 -134.4209
8734.583316 72.126 -136.8713
8797.877707 72.146 -138.3984
8861.630756 72.184 -138.7273
8925.845785 72.259 -138.0244
8990.526143 72.378 -136.6543
9055.675202 72.529 -135.3774
9121.296357 72.662 -135.0618
9187.393031 72.721 -135.7771
9253.968668 72.709 -136.6460
9321.026740 72.700 -136.9548
9388.570742 72.772 -136.9065
9456.604196 72.953 -137.1887
9525.130648 73.205 -138.1895
9594.153671 73.460 -139.8184
9663.676863 73.681 -141.7280
9733.703850 73.886 -143.7488
9804.238280 74.101 -146.1489
9875.283832 74.310 -149.2090
9946.844210 74.472 -152.7991
10018.923143 74.582 -156.5288
10091.524390 74.667 -160.1189
10164.651736 74.755 -163.4832
10238.308993 74.848 -166.6418
10312.500000 74.915 -169.6233
10387.228626 74.919 -172.3135
10462.498767 74.843 -174.3623
10538.314345 74.705 -175.4956
10614.679315 74.520 -175.5305
10691.597657 74.308 -174.2131
10769.073381 74.113 -171.7573
10847.110526 73.992 -169.0728
10925.713161 73.977 -167.0359
11004.885382 74.057 -166.1243
11084.631318 74.184 -166.3147
11164.955126 74.321 -167.2166
11245.860993 74.443 -168.5081
11327.353138 74.526 -169.9253
11409.435808 74.564 -171.1155
11492.113283 74.583 -171.8584
11575.389873 74.616 -172.2051
11659.269920 74.682 -172.4011
11743.757796 74.774 -172.6943
11828.857906 74.882 -173.1648
11914.574686 75.007 -173.8442
12000.912606 75.148 -174.8621
12087.876166 75.287 -176.2437
12175.469900 75.401 -177.8489
12263.698373 75.470 -179.4146
12352.566187 75.490 179.3948
12442.077974 75.474 178.7983
12532.238400 75.450 178.8760
12623.052165 75.469 179.4841
12714.524005 75.571 -179.8264
12806.658687 75.765 -179.4844
12899.461015 76.035 -179.6775
12992.935827 76.353 179.5833
13087.087996 76.684 178.3418
13181.922430 76.991 176.6631
13277.444074 77.250 174.7046
13373.657907 77.469 172.6140
13470.568945 77.665 170.4060
13568.182241 77.843 168.0298
13666.502883 77.988 165.4653
13765.535996 78.092 162.7441
13865.286744 78.166 159.8511
13965.760328 78.215 156.7549
14066.961984 78.231 153.4883
14168.896989 78.194 150.1404
14271.570658 78.093 146.8330
14374.988342 77.927 143.6372
14479.155433 77.700 140.6060
14584.077362 77.416 137.7703
14689.759598 77.074 135.2002
14796.207652 76.685 133.0420
14903.427072 76.281 131.3479
15011.423448 75.896 130.0239
15120.202410 75.551 128.9219
15229.769630 75.250 127.9114
15340.130819 74.981 126.8782
15451.291730 74.721 125.8259
15563.258160 74.449 124.8494
15676.035944 74.156 124.0166
15789.630962 73.850 123.2551
15904.049137 73.542 122.4265
16019.296433 73.231 121.4431
16135.378859 72.911 120.3633
16252.302465 72.580 119.3499
16370.073348 72.251 118.5732
16488.697648 71.954 118.1099
16608.181548 71.727 117.9048
16728.531278 71.594 117.7129
16849.753112 71.550 117.0974
16971.853368 71.548 115.6746
17094.838414 71.518 113.3643
17218.714660 71.408 110.3630
17343.488565 71.199 106.9966
17469.166632 70.916 103.5024
17595.755415 70.602 99.9065
17723.261512 70.283 96.0627
17851.691571 69.948 91.8252
17981.052287 69.555 87.1851
18111.350404 69.064 82.3149
18242.592715 68.459 77.4636
18374.786062 67.750 72.8611
18507.937336 66.956 68.6646
18642.053479 66.092 64.8586
18777.141484 65.168 61.2510
18913.208391 64.208 57.5525
19050.261296 63.257 53.3855
19188.307342 62.364 48.3516
19327.353727 61.561 42.1689
19467.407699 60.846 34.7810
19608.476560 60.199 26.4458
19750.567664 59.611 17.8594
19893.688419 59.132 10.1694
20037.846286 58.855 4.7419
