* Measurement data measured by REW V5.31.3
* Source: Umik-1  Gain: 18dB, , L, volume: no control. Timing signal peak level -44.8 dBFS, measurement signal peak level -36.3 dBFS
* Format: 512k Log Swept Sine, 1 sweep at -12.0 dBFS using an acoustic timing reference
* Dated: Jul 28, 2026 6:43:41 PM
* REW Settings:
*  C-weighting compensation: Off
*  Target level: 75.0 dB
* Note: ; gauche :0.773 du mur gauche 0,539 mur arriere droite: 3.219 du mur gauche 0.515 mur arriere Delay -0.2758 ms (-95 mm, -3.72 in) using estimated IR delay relative to Acoustic reference played from  R with no timing offset
* Measurement: L baseline Jul 28
* Smoothing: 1/12 octave
* Frequency Step: 96 ppo
* Start Frequency: 20.141602 Hz
*
* Freq(Hz) SPL(dB) Phase(degrees)
20.141602 45.141 -124.8599
20.287556 45.173 -123.4954
20.434568 45.191 -121.4425
20.582645 45.155 -118.8416
20.731796 45.037 -115.8380
20.882027 44.823 -112.5934
21.033346 44.513 -109.3006
21.185763 44.126 -106.2031
21.339284 43.692 -103.6009
21.493917 43.258 -101.8210
21.649671 42.883 -101.1569
21.806553 42.631 -101.7683
21.964572 42.550 -103.5779
22.123737 42.649 -106.2469
22.284054 42.891 -109.2705
22.445534 43.203 -112.1584
22.608183 43.508 -114.5772
22.772012 43.736 -116.3700
22.937027 43.838 -117.4997
23.103238 43.782 -117.9740
23.270654 43.554 -117.7894
23.439282 43.160 -116.9034
23.609133 42.626 -115.2347
23.780215 42.004 -112.7022
23.952536 41.376 -109.3126
24.126106 40.843 -105.2675
24.300934 40.498 -100.9804
24.477028 40.384 -96.8896
24.654399 40.476 -93.1550
24.833055 40.720 -89.4376
25.013005 41.095 -84.7774
25.194260 41.658 -77.2528
25.376828 42.530 -63.4031
25.560719 43.797 -40.4514
25.745942 45.413 -16.4532
25.932508 47.223 -2.4865
26.120426 49.079 2.4332
26.309705 50.880 2.0896
26.500356 52.578 -1.1960
26.692388 54.156 -6.0914
26.885812 55.610 -11.7524
27.080638 56.942 -17.6166
27.276876 58.154 -23.3400
27.474535 59.246 -28.7579
27.673627 60.220 -33.8443
27.874161 61.081 -38.6671
28.076149 61.834 -43.3490
28.279600 62.488 -48.0348
28.484526 63.054 -52.8630
28.690937 63.540 -57.9412
28.898843 63.952 -63.3233
29.108256 64.290 -68.9956
29.319186 64.551 -74.8710
29.531645 64.727 -80.7960
29.745644 64.806 -86.5643
29.961193 64.778 -91.9314
30.178304 64.636 -96.6169
30.396989 64.387 -100.3052
30.617258 64.063 -102.6476
30.839123 63.728 -103.3143
31.062596 63.489 -102.1490
31.287688 63.470 -99.4375
31.514412 63.750 -96.0796
31.742778 64.310 -93.3069
31.972800 65.043 -92.0560
32.204488 65.824 -92.6291
32.437855 66.558 -94.8379
32.672913 67.193 -98.2720
32.909674 67.704 -102.4750
33.148151 68.091 -107.0175
33.388356 68.363 -111.5329
33.630302 68.535 -115.7369
33.874001 68.631 -119.4441
34.119466 68.675 -122.5818
34.366710 68.693 -125.1871
34.615745 68.705 -127.3863
34.866585 68.726 -129.3493
35.119243 68.760 -131.2334
35.373731 68.805 -133.1302
35.630064 68.852 -135.0396
35.888254 68.896 -136.8796
36.148315 68.936 -138.5260
36.410261 68.978 -139.8674
36.674104 69.035 -140.8555
36.939860 69.127 -141.5335
37.207542 69.269 -142.0322
37.477163 69.471 -142.5286
37.748738 69.732 -143.1830
38.022281 70.040 -144.0842
38.297806 70.378 -145.2247
38.575327 70.726 -146.5175
38.854860 71.069 -147.8397
39.136419 71.400 -149.0798
39.420017 71.717 -150.1742
39.705671 72.028 -151.1239
39.993395 72.342 -151.9893
40.283203 72.671 -152.8700
40.575112 73.024 -153.8752
40.869136 73.406 -155.0966
41.165290 73.816 -156.5926
41.463591 74.250 -158.3899
41.764053 74.699 -160.4962
42.066693 75.156 -162.9146
42.371525 75.608 -165.6505
42.678567 76.044 -168.7072
42.987834 76.449 -172.0749
43.299341 76.806 -175.7177
43.613106 77.101 -179.5669
43.929145 77.320 176.4796
44.247473 77.456 172.5511
44.568109 77.508 168.7918
44.891068 77.484 165.3448
45.216367 77.403 162.3308
45.544023 77.293 159.8225
45.874054 77.187 157.8192
46.206476 77.118 156.2320
46.541307 77.108 154.8955
46.878565 77.163 153.6127
47.218266 77.271 152.2138
47.560429 77.409 150.6012
47.905072 77.555 148.7601
48.252212 77.694 146.7387
48.601867 77.817 144.6167
48.954056 77.924 142.4746
49.308798 78.017 140.3750
49.666109 78.101 138.3569
50.026010 78.177 136.4413
50.388520 78.246 134.6422
50.753656 78.311 132.9768
51.121437 78.379 131.4658
51.491884 78.459 130.1236
51.865016 78.562 128.9435
52.240851 78.698 127.8854
52.619410 78.872 126.8774
53.000712 79.085 125.8327
53.384777 79.333 124.6743
53.771625 79.611 123.3533
54.161276 79.914 121.8511
54.553751 80.239 120.1635
54.949070 80.586 118.2786
55.347254 80.956 116.1662
55.748323 81.344 113.7839
56.152298 81.740 111.0990
56.559201 82.124 108.1099
56.969052 82.480 104.8538
57.381873 82.796 101.3991
57.797686 83.074 97.8293
58.216512 83.331 94.2202
58.638373 83.600 90.6121
59.063291 83.912 86.9799
59.491288 84.289 83.2148
59.922386 84.729 79.1430
60.356608 85.208 74.5808
60.793977 85.686 69.3968
61.234515 86.121 63.5438
61.678246 86.475 57.0537
62.125192 86.724 50.0124
62.575377 86.848 42.5415
63.028824 86.836 34.7940
63.485557 86.679 26.9529
63.945599 86.373 19.2230
64.408975 85.916 11.8098
64.875709 85.314 4.8972
65.345825 84.585 -1.3680
65.819348 83.753 -6.8887
66.296302 82.850 -11.6227
66.776713 81.908 -15.5762
67.260604 80.953 -18.7748
67.748002 80.003 -21.2186
68.238932 79.071 -22.8464
68.733420 78.178 -23.5414
69.231490 77.361 -23.2065
69.733170 76.681 -21.9161
70.238485 76.212 -20.0673
70.747463 75.995 -18.3536
71.260128 76.009 -17.4805
71.776508 76.176 -17.8661
72.296630 76.407 -19.5881
72.820521 76.629 -22.5153
73.348209 76.793 -26.4381
73.879720 76.865 -31.1282
74.415083 76.825 -36.3555
74.954326 76.657 -41.8922
75.497475 76.358 -47.5163
76.044561 75.934 -53.0166
76.595612 75.404 -58.2102
77.150655 74.806 -62.9803
77.709720 74.191 -67.3329
78.272837 73.627 -71.4441
78.840034 73.178 -75.6558
79.411342 72.894 -80.3959
79.986789 72.785 -86.0508
80.566406 72.822 -92.8745
81.150224 72.947 -100.9931
81.738272 73.099 -110.4739
82.330581 73.232 -121.3732
82.927182 73.330 -133.7230
83.528107 73.398 -147.4882
84.133386 73.455 -162.5325
84.743051 73.524 -178.5865
85.357134 73.616 164.7663
85.975667 73.721 148.0076
86.598682 73.810 131.5167
87.226212 73.846 115.4810
87.858289 73.797 99.9728
88.494946 73.635 85.0630
89.136217 73.339 70.8658
89.782135 72.889 57.5433
90.432733 72.268 45.3600
91.088046 71.465 34.8212
91.748108 70.492 26.9874
92.412952 69.405 24.2399
93.082615 68.332 31.6539
93.757130 67.481 52.9091
94.436533 67.060 72.6554
95.120859 67.119 79.8298
95.810144 67.525 79.5636
96.504423 68.081 76.0745
97.203734 68.641 71.1926
97.908112 69.121 65.7080
98.617595 69.480 60.0201
99.332219 69.697 54.3957
100.052021 69.769 49.0595
100.777039 69.706 44.2145
101.507311 69.527 40.0391
102.242875 69.261 36.6825
102.983769 68.948 34.2659
103.730032 68.638 32.8785
104.481702 68.397 32.5336
105.238820 68.300 33.0667
106.001424 68.403 34.0306
106.769554 68.718 34.7427
107.543250 69.191 34.5469
108.322553 69.731 33.0916
109.107503 70.245 30.3874
109.898141 70.669 26.6866
110.694508 70.970 22.3410
111.496646 71.142 17.6948
112.304596 71.199 13.0154
113.118402 71.176 8.4631
113.938104 71.112 4.0793
114.763747 71.046 -0.2180
115.595372 71.007 -4.6097
116.433024 70.998 -9.3155
117.276746 71.000 -14.5270
118.126581 70.978 -20.3626
118.982575 70.891 -26.8487
119.844772 70.704 -33.9167
120.713217 70.391 -41.4253
121.587954 69.939 -49.2253
122.469031 69.354 -57.2336
123.356492 68.653 -65.4839
124.250384 67.866 -74.1923
125.150753 67.028 -83.8476
126.057647 66.188 -95.3570
126.971113 65.420 -110.6184
127.891198 64.835 -134.8914
128.817950 64.557 178.9348
129.751418 64.662 125.0728
130.691651 65.121 94.5530
131.638696 65.820 75.7480
132.592604 66.632 61.1359
133.553425 67.463 48.1906
134.521208 68.255 35.8357
135.496004 68.968 23.4160
136.477864 69.574 10.4554
137.466839 70.048 -3.3242
138.462981 70.375 -18.0021
139.466340 70.549 -33.5691
140.476971 70.580 -50.0377
141.494925 70.496 -67.4418
142.520256 70.336 -85.7198
143.553016 70.137 -104.6029
144.593260 69.916 -123.6433
145.641043 69.666 -142.2744
146.696418 69.364 -159.8193
147.759441 68.994 -175.5577
148.830166 68.570 171.1375
149.908651 68.165 160.7183
150.994951 67.926 153.3854
152.089123 68.045 148.8689
153.191223 68.637 146.1842
154.301310 69.640 143.8622
155.419441 70.872 140.6960
156.545674 72.163 136.1940
157.680069 73.406 130.3849
158.822683 74.547 123.4744
159.973578 75.552 115.6819
161.132813 76.404 107.2192
162.300447 77.097 98.2994
163.476543 77.634 89.1234
164.661162 78.025 79.8583
165.854364 78.287 70.6307
167.056213 78.436 61.5254
168.266772 78.494 52.5741
169.486102 78.481 43.7471
170.714268 78.409 34.9675
171.951334 78.282 26.1530
173.197364 78.091 17.2467
174.452424 77.823 8.2225
175.716578 77.459 -0.9198
176.989893 76.974 -10.1442
178.272434 76.341 -19.3639
179.564270 75.540 -28.4535
180.865467 74.563 -37.2915
182.176092 73.419 -45.8246
183.496216 72.137 -54.1313
184.825905 70.776 -62.5236
186.165229 69.464 -71.8018
187.514259 68.431 -84.3500
188.873065 67.979 -112.9987
190.241717 68.264 147.2031
191.620287 69.119 109.0057
193.008847 70.219 93.0419
194.407468 71.316 80.5243
195.816225 72.274 68.8058
197.235190 73.032 57.2830
198.664438 73.568 45.8584
200.104042 73.882 34.6210
201.554078 73.992 23.7351
203.014622 73.928 13.4321
204.485750 73.721 4.1389
205.967538 73.417 -3.1991
207.460064 73.095 -6.6019
208.963405 72.870 -2.8806
210.477640 72.843 8.4900
212.002848 73.016 18.4454
213.539108 73.285 20.0621
215.086500 73.512 15.4164
216.645105 73.602 7.6860
218.215005 73.522 -1.2621
219.796281 73.287 -10.5104
221.389015 72.939 -19.6917
222.993292 72.524 -28.7657
224.609193 72.074 -37.8619
226.236804 71.589 -47.1316
227.876209 71.040 -56.6078
229.527494 70.386 -66.1038
231.190745 69.601 -75.1584
232.866048 68.705 -82.9072
234.553491 67.783 -87.6250
236.253163 66.988 -85.8125
237.965150 66.491 -73.6157
239.689544 66.364 -59.1627
241.426433 66.507 -56.1813
243.175909 66.739 -63.5505
244.938062 66.916 -76.9609
246.712984 66.980 -94.1133
248.500768 66.930 -113.8853
250.301507 66.800 -135.4502
252.115295 66.614 -157.7373
253.942226 66.375 -179.3306
255.782396 66.067 161.1536
257.635901 65.684 144.6926
259.502837 65.270 131.8169
261.383301 64.943 122.5947
263.277392 64.856 116.3411
265.185209 65.086 111.5098
267.106850 65.546 106.4741
269.042417 66.065 100.4866
270.992009 66.508 93.7185
272.955729 66.826 86.7083
274.933678 67.029 79.9114
276.925961 67.156 73.5205
278.932681 67.232 67.5044
280.953942 67.258 61.7764
282.989850 67.219 56.3589
285.040511 67.109 51.4355
287.106032 66.943 47.3218
289.186521 66.778 44.3616
291.282086 66.708 42.5952
293.392836 66.809 41.3394
295.518881 67.062 39.3889
297.660333 67.345 35.8970
299.817302 67.507 30.8960
301.989902 67.445 25.1492
304.178245 67.124 19.8555
306.382446 66.589 16.5298
308.602620 65.974 16.8699
310.838882 65.491 21.7998
313.091348 65.332 29.1887
315.360137 65.509 34.3308
317.645367 65.843 34.9309
319.947156 66.122 32.0315
322.265625 66.223 27.7224
324.600895 66.129 24.1716
326.953086 65.919 23.5181
329.322323 65.733 27.0093
331.708729 65.692 32.7246
334.112427 65.794 36.2112
336.533543 65.913 35.5066
338.972204 65.908 31.8015
341.428536 65.705 27.0229
343.902668 65.331 22.6631
346.394729 64.903 19.4402
348.904848 64.585 17.2490
351.433156 64.516 15.5820
353.979786 64.762 14.2783
356.544869 65.355 13.9048
359.128540 66.315 15.2026
361.730934 67.607 17.5283
364.352185 69.109 18.1360
366.992431 70.663 14.5361
369.651810 72.150 6.3796
372.330459 73.509 -5.4514
375.028519 74.724 -19.9509
377.746130 75.807 -36.3074
380.483434 76.783 -53.9084
383.240574 77.661 -72.3120
386.017693 78.425 -91.1956
388.814937 79.030 -110.2832
391.632450 79.411 -129.2561
394.470380 79.503 -147.6606
397.328875 79.269 -164.8821
400.208084 78.714 179.7334
403.108157 77.895 166.6282
406.029245 76.923 155.7971
408.971500 75.935 146.7441
411.935076 75.049 138.7815
414.920127 74.315 131.4424
417.926810 73.714 124.6145
420.955280 73.205 118.3967
424.005695 72.772 112.8931
427.078215 72.433 108.0591
430.173000 72.211 103.6426
433.290211 72.102 99.2595
436.430010 72.050 94.5662
439.592562 71.963 89.4321
442.778031 71.750 84.0464
445.986583 71.358 78.8572
449.218386 70.778 74.3948
452.473607 70.040 71.1375
455.752418 69.206 69.4436
459.054987 68.365 69.4341
462.381489 67.624 70.8206
465.732096 67.076 72.8804
469.106983 66.757 74.8018
472.506325 66.652 76.1323
475.930301 66.728 76.7812
479.379088 66.954 76.6963
482.852867 67.282 75.6724
486.351817 67.631 73.4783
489.876123 67.919 70.3196
493.425968 68.129 67.4246
497.001536 68.357 68.1733
500.603014 68.775 83.1350
504.230589 69.494 127.5012
507.884452 70.454 152.5027
511.564792 71.480 154.8088
515.271802 72.402 149.8806
519.005673 73.115 142.4595
522.766602 73.571 134.3440
526.554785 73.769 126.5183
530.370418 73.755 119.6340
534.213700 73.615 114.0820
538.084833 73.458 109.9609
541.984018 73.394 107.0703
545.911457 73.490 104.9802
549.867357 73.759 103.1882
553.851922 74.172 101.4109
557.865362 74.718 99.7429
561.907884 75.408 98.3413
565.979700 76.229 96.9128
570.081022 77.092 94.6094
574.212064 77.848 90.5935
578.373042 78.344 84.7104
582.564171 78.482 77.6067
586.785671 78.242 70.3311
591.037762 77.684 63.7139
595.320665 76.915 58.0422
599.634604 76.037 53.1992
603.979804 75.114 49.0386
608.356491 74.159 45.7461
612.764893 73.162 44.0977
617.205240 72.143 45.5845
621.677763 71.209 52.0405
626.182696 70.545 63.5676
630.720274 70.317 75.9419
635.290733 70.541 84.6067
639.894312 71.108 89.2236
644.531250 71.896 91.2058
649.201789 72.812 91.4458
653.906173 73.766 90.1504
658.644647 74.664 87.2666
663.417457 75.425 82.8569
668.224854 75.990 77.2334
673.067086 76.331 70.8528
677.944408 76.440 64.1882
682.857073 76.311 57.7327
687.805336 75.954 52.0642
692.789457 75.400 47.8274
697.809695 74.725 45.5051
702.866312 74.042 44.9263
707.959571 73.454 45.0759
713.089738 72.983 44.8462
718.257080 72.572 43.8738
723.461867 72.149 42.5122
728.704370 71.684 41.3494
733.984862 71.205 40.8284
739.303619 70.770 41.1560
744.660918 70.440 42.4358
750.057038 70.263 44.7883
755.492260 70.266 48.1821
760.966869 70.441 51.9202
766.481148 70.729 54.6353
772.035387 71.035 55.5078
777.629873 71.300 54.7905
783.264900 71.516 52.9172
788.940760 71.675 49.9099
794.657750 71.735 45.7434
800.416168 71.659 40.7061
806.216313 71.466 35.2151
812.058489 71.236 29.4819
817.943000 71.072 23.4387
823.870152 71.053 16.9651
829.840255 71.213 10.4644
835.853619 71.546 7.2646
841.910559 72.004 110.8005
848.011390 72.489 146.4841
854.156430 72.903 140.7559
860.346000 73.211 133.2876
866.580422 73.458 126.4102
872.860020 73.712 120.3877
879.185124 73.990 114.9480
885.556062 74.272 110.0286
891.973166 74.553 105.8696
898.436771 74.878 102.6089
904.947215 75.297 99.8591
911.504835 75.796 96.8613
918.109975 76.297 93.1099
924.762978 76.721 88.6167
931.464192 77.029 83.7009
938.213966 77.228 78.6980
945.012651 77.345 73.7700
951.860602 77.397 68.9871
958.758176 77.399 64.4629
965.705733 77.377 60.3638
972.703635 77.384 56.8042
979.752246 77.483 53.5964
986.851935 77.686 50.1396
994.003071 77.918 45.7517
1001.206027 78.061 40.1794
1008.461179 78.026 33.6992
1015.768904 77.788 26.7766
1023.129584 77.369 19.7476
1030.543603 76.806 12.7612
1038.011347 76.135 5.8186
1045.533205 75.385 -1.2017
1053.109569 74.580 -8.4785
1060.740836 73.748 -16.2632
1068.427401 72.936 -24.9832
1076.169666 72.229 -35.4385
1083.968035 71.754 -50.0769
1091.822915 71.647 -84.3511
1099.734713 71.943 172.8044
1107.703844 72.521 137.9963
1115.730723 73.187 121.6995
1123.815768 73.763 108.8782
1131.959400 74.139 97.3672
1140.162045 74.286 86.7991
1148.424129 74.238 77.1123
1156.746083 74.042 68.2148
1165.128342 73.723 60.0947
1173.571343 73.286 52.9434
1182.075524 72.726 47.2871
1190.641331 72.044 44.2734
1199.269209 71.274 45.7178
1207.959608 70.509 52.7471
1216.712981 69.878 62.6860
1225.529785 69.491 70.3989
1234.410479 69.372 73.9595
1243.355526 69.459 74.2668
1252.365393 69.644 72.4692
1261.440549 69.826 69.3191
1270.581467 69.928 65.2957
1279.788624 69.900 60.7849
1289.062500 69.719 56.2852
1298.403578 69.407 52.5039
1307.812346 69.033 50.5090
1317.289293 68.697 52.0439
1326.834914 68.486 59.5376
1336.449707 68.419 73.0557
1346.134173 68.441 85.6125
1355.888816 68.463 91.8625
1365.714145 68.417 93.7246
1375.610673 68.303 94.6216
1385.578915 68.203 96.9636
1395.619391 68.233 101.6914
1405.732624 68.465 107.7080
1415.919142 68.862 112.7986
1426.179476 69.319 115.7861
1436.514160 69.765 117.0720
1446.923734 70.187 117.4177
1457.408740 70.577 117.2065
1467.969724 70.917 116.8740
1478.607238 71.221 117.0525
1489.321836 71.539 117.8958
1500.114076 71.898 118.6934
1510.984521 72.272 118.6841
1521.933737 72.629 117.9360
1532.962297 72.981 117.0383
1544.070773 73.377 116.5239
1555.259747 73.881 116.4956
1566.529800 74.511 116.3572
1577.881521 75.194 115.1584
1589.315501 75.806 112.3298
1600.832336 76.241 108.0474
1612.432627 76.461 102.9622
1624.116978 76.488 97.6968
1635.886000 76.368 92.6187
1647.740304 76.132 87.9387
1659.680509 75.801 83.8137
1671.707238 75.395 80.3635
1683.821118 74.943 77.6135
1696.022780 74.472 75.5234
1708.312860 73.997 74.0779
1720.692000 73.519 73.2854
1733.160843 73.031 73.2527
1745.720041 72.558 73.9810
1758.370248 72.142 75.0989
1771.112124 71.799 76.2708
1783.946332 71.530 77.5476
1796.873543 71.345 79.0791
1809.894429 71.254 80.7734
1823.009670 71.232 82.5664
1836.219950 71.230 84.8455
1849.525956 71.230 88.4910
1862.928384 71.267 94.1191
1876.427931 71.380 101.2368
1890.025301 71.582 108.0371
1903.721204 71.864 112.6194
1917.516352 72.212 114.6597
1931.411466 72.598 114.8330
1945.407270 72.984 113.8792
1959.504493 73.334 112.3596
1973.703870 73.640 110.6560
1988.006142 73.933 108.9668
2002.412054 74.256 107.1746
2016.922357 74.604 104.9487
2031.537808 74.921 102.0808
2046.259169 75.158 98.6736
2061.087206 75.306 94.9797
2076.022694 75.387 91.1145
2091.066410 75.412 87.0703
2106.219139 75.372 82.9429
2121.481671 75.254 78.9541
2136.854802 75.023 75.5288
2152.339333 74.647 73.6704
2167.936071 74.128 74.9392
2183.645829 73.531 80.1924
2199.469427 72.954 87.3901
2215.407689 72.467 92.9734
2231.461446 72.072 95.7896
2247.631536 71.732 96.8792
2263.918800 71.419 97.6692
2280.324089 71.145 99.2922
2296.848258 70.958 102.4956
2313.492167 70.920 107.5217
2330.256685 71.072 113.3284
2347.142685 71.377 117.8289
2364.151049 71.737 119.9019
2381.282662 72.070 120.0061
2398.538418 72.344 119.2102
2415.919216 72.563 118.6414
2433.425962 72.774 119.5349
2451.059570 73.066 122.8625
2468.820958 73.528 128.0940
2486.711052 74.165 132.6357
2504.730786 74.884 134.1575
2522.881098 75.561 132.4734
2541.162934 76.105 128.5667
2559.577248 76.468 123.4270
2578.125000 76.617 117.7708
2596.807157 76.545 112.1924
2615.624692 76.284 107.1562
2634.578586 75.903 102.8274
2653.669829 75.459 99.1060
2672.899414 74.986 95.8499
2692.268345 74.490 92.9880
2711.777632 73.955 90.4878
2731.428290 73.345 88.4973
2751.221345 72.642 87.4309
2771.157829 71.886 87.7363
2791.238781 71.163 89.7910
2811.465248 70.582 93.8755
2831.838284 70.231 100.0667
2852.358952 70.131 107.6643
2873.028321 70.217 114.8931
2893.847468 70.377 120.5105
2914.817480 70.538 125.3767
2935.939449 70.715 131.4822
2957.214476 70.992 139.5549
2978.643672 71.449 147.3411
3000.228152 72.092 151.9688
3021.969041 72.853 152.9246
3043.867475 73.646 151.1121
3065.924593 74.386 147.3679
3088.141547 74.996 142.1799
3110.519493 75.399 135.8765
3133.059600 75.536 128.9084
3155.763041 75.377 121.8911
3178.631001 74.927 115.5454
3201.664672 74.228 110.6714
3224.865254 73.352 108.3386
3248.233957 72.412 110.0132
3271.771999 71.554 116.7908
3295.480608 70.893 127.1494
3319.361019 70.429 136.6626
3343.414477 70.086 143.2817
3367.642236 69.821 148.5764
3392.045560 69.684 154.3806
3416.625721 69.763 161.0088
3441.383999 70.096 167.1309
3466.321686 70.614 170.7883
3491.440082 71.172 171.1255
3516.740496 71.632 168.7529
3542.224247 71.893 164.8003
3567.892664 71.903 160.4067
3593.747085 71.658 156.6614
3619.788858 71.210 154.5793
3646.019340 70.649 155.1724
3672.439900 70.091 159.4963
3699.051913 69.678 167.7039
3725.856768 69.542 177.8567
3752.855862 69.722 -173.3611
3780.050603 70.131 -168.3452
3807.442408 70.599 -167.3352
3835.032705 70.959 -169.2173
3862.822933 71.105 -172.4595
3890.814540 71.004 -175.4382
3919.008986 70.679 -176.3977
3947.407741 70.218 -173.5430
3976.012284 69.761 -166.1667
4004.824108 69.428 -156.3745
4033.844715 69.252 -147.7996
4063.075616 69.194 -141.9521
4092.518337 69.218 -138.1523
4122.174412 69.323 -135.4722
4152.045387 69.499 -133.6711
4182.132820 69.684 -132.8806
4212.438278 69.778 -132.9749
4242.963342 69.686 -133.3042
4273.709604 69.370 -132.6504
4304.678665 68.907 -129.5789
4335.872141 68.473 -123.2935
4367.291658 68.269 -114.5103
4398.938854 68.394 -105.6045
4430.815378 68.793 -98.9021
4462.922893 69.338 -95.0596
4495.263072 69.923 -93.4617
4527.837601 70.480 -93.3103
4560.648179 70.945 -94.0356
4593.696515 71.245 -95.0840
4626.984334 71.336 -95.4890
4660.513370 71.243 -93.8433
4694.285371 71.068 -89.0647
4728.302098 70.937 -81.9512
4762.565324 70.906 -75.1726
4797.076835 70.949 -70.4868
4831.838432 71.036 -67.5759
4866.851925 71.168 -65.6218
4902.119140 71.336 -64.2437
4937.641916 71.516 -63.2861
4973.422105 71.694 -62.4324
5009.461572 71.890 -61.4060
5045.762195 72.111 -60.3091
5082.325868 72.314 -59.4360
5119.154496 72.435 -58.6772
5156.250000 72.464 -57.3933
5193.614313 72.457 -54.9807
5231.249383 72.503 -51.5388
5269.157173 72.637 -47.9143
5307.339658 72.801 -44.8555
5345.798829 72.905 -42.1604
5384.536691 72.922 -38.7844
5423.555263 72.919 -33.9724
5462.856580 72.988 -28.3337
5502.442691 73.168 -23.3359
5542.315659 73.425 -19.9097
5582.477563 73.710 -17.9536
5622.930497 74.001 -16.9114
5663.676569 74.288 -16.5381
5704.717904 74.527 -16.8931
5746.056642 74.641 -17.7280
5787.694937 74.574 -18.2817
5829.634960 74.323 -17.6633
5871.878898 73.944 -15.3843
5914.428953 73.525 -11.4626
5957.287343 73.158 -6.4846
6000.456303 72.889 -1.6345
6043.938083 72.681 2.1921
6087.734950 72.453 5.2153
6131.849187 72.160 8.4810
6176.283094 71.824 13.1040
6221.038987 71.518 19.8438
6266.119200 71.343 28.4639
6311.526083 71.376 37.3865
6357.262002 71.612 44.6296
6403.329344 71.955 49.2568
6449.730508 72.271 51.6455
6496.467914 72.462 52.8508
6543.543998 72.511 54.2188
6590.961215 72.481 57.0378
6638.722037 72.490 62.0693
6686.828954 72.634 68.8989
6735.284473 72.934 75.8130
6784.091120 73.304 80.9641
6833.251441 73.594 83.7178
6882.767998 73.679 84.8198
6932.643372 73.530 85.5742
6982.880164 73.213 86.8704
7033.480992 72.824 88.8801
7084.448495 72.428 91.5103
7135.785329 72.059 94.8669
7187.494171 71.744 99.1416
7239.577717 71.501 104.2065
7292.038681 71.307 109.7380
7344.879799 71.123 115.7935
7398.103826 70.963 122.5466
7451.713536 70.893 129.4158
7505.711724 70.940 135.3643
7560.101205 71.058 139.9746
7614.884815 71.186 143.6340
7670.065409 71.296 146.9368
7725.645865 71.376 150.3271
7781.629080 71.416 154.1497
7838.017972 71.414 158.7708
7894.815481 71.402 164.2151
7952.024569 71.413 169.8757
8009.648217 71.449 175.2756
8067.689429 71.511 -179.4211
8126.151233 71.615 -173.9519
8185.036674 71.755 -168.4517
8244.348824 71.871 -163.1772
8304.090774 71.888 -158.0854
8364.265639 71.768 -152.9927
8424.876556 71.500 -147.6169
8485.926684 71.113 -141.2136
8547.419207 70.694 -133.2776
8609.357330 70.357 -124.4116
8671.744282 70.157 -115.9324
8734.583316 70.062 -108.5662
8797.877707 70.023 -101.9724
8861.630756 70.027 -95.4836
8925.845785 70.089 -88.6633
8990.526143 70.219 -81.5288
9055.675202 70.408 -74.5867
9121.296357 70.633 -68.2739
9187.393031 70.880 -62.4626
9253.968668 71.153 -56.7759
9321.026740 71.455 -50.8955
9388.570742 71.778 -44.6418
9456.604196 72.096 -38.2615
9525.130648 72.359 -32.3386
9594.153671 72.523 -27.0930
9663.676863 72.593 -22.2681
9733.703850 72.601 -17.6709
9804.238280 72.574 -13.1614
9875.283832 72.534 -8.5596
9946.844210 72.495 -3.7991
10018.923143 72.447 1.0901
10091.524390 72.376 6.0725
10164.651736 72.267 10.9954
10238.308993 72.105 15.8354
10312.500000 71.891 20.9453
10387.228626 71.657 26.7522
10462.498767 71.432 33.4438
10538.314345 71.227 41.0388
10614.679315 71.041 49.3503
10691.597657 70.865 58.0166
10769.073381 70.689 66.9036
10847.110526 70.516 75.9216
10925.713161 70.344 84.8843
11004.885382 70.168 93.8633
11084.631318 69.988 103.0574
11164.955126 69.808 112.5991
11245.860993 69.641 122.3599
11327.353138 69.498 131.8906
11409.435808 69.384 140.9683
11492.113283 69.301 149.6860
11575.389873 69.240 158.2021
11659.269920 69.192 166.7651
11743.757796 69.162 175.5906
11828.857906 69.162 -175.2068
11914.574686 69.216 -165.6526
12000.912606 69.341 -156.0161
12087.876166 69.528 -146.5796
12175.469900 69.743 -137.3794
12263.698373 69.961 -128.2891
12352.566187 70.181 -119.3159
12442.077974 70.408 -110.7224
12532.238400 70.638 -102.7505
12623.052165 70.854 -95.4150
12714.524005 71.032 -88.5586
12806.658687 71.158 -81.9375
12899.461015 71.230 -75.2925
12992.935827 71.254 -68.3875
13087.087996 71.239 -61.0482
13181.922430 71.196 -53.2299
13277.444074 71.124 -44.9243
13373.657907 71.021 -36.0715
13470.568945 70.897 -26.5009
13568.182241 70.775 -16.0651
13666.502883 70.699 -4.8035
13765.535996 70.711 6.9263
13865.286744 70.822 18.4807
13965.760328 70.997 29.2400
14066.961984 71.171 38.9324
14168.896989 71.297 47.7114
14271.570658 71.366 55.8936
14374.988342 71.391 63.7119
14479.155433 71.384 71.2555
14584.077362 71.343 78.5499
14689.759598 71.251 85.6301
14796.207652 71.085 92.6117
14903.427072 70.825 99.7137
15011.423448 70.468 107.1914
15120.202410 70.035 115.2117
15229.769630 69.546 123.8228
15340.130819 69.018 133.0326
15451.291730 68.462 142.8726
15563.258160 67.891 153.4006
15676.035944 67.317 164.6771
15789.630962 66.755 176.7664
15904.049137 66.217 -170.3005
16019.296433 65.714 -156.6075
16135.378859 65.252 -142.3177
16252.302465 64.848 -127.5619
16370.073348 64.529 -112.4259
16488.697648 64.327 -97.0730
16608.181548 64.257 -81.8074
16728.531278 64.309 -66.9471
16849.753112 64.462 -52.7045
16971.853368 64.688 -39.1667
17094.838414 64.961 -26.3628
17218.714660 65.247 -14.3175
17343.488565 65.504 -2.9951
17469.166632 65.694 7.7484
17595.755415 65.791 18.1189
17723.261512 65.784 28.3044
17851.691571 65.673 38.4595
17981.052287 65.461 48.7540
18111.350404 65.156 59.3612
18242.592715 64.777 70.3916
18374.786062 64.347 81.8165
18507.937336 63.888 93.4341
18642.053479 63.406 104.9916
18777.141484 62.897 116.3658
18913.208391 62.354 127.5400
19050.261296 61.766 138.5133
19188.307342 61.120 149.2849
19327.353727 60.402 159.8960
19467.407699 59.606 170.4612
19608.476560 58.746 -178.8097
19750.567664 57.877 -167.6576
19893.688419 57.130 -155.8750
20037.846286 56.685 -143.3457
