* Measurement data measured by REW V5.31.3
* Source: Umik-1  Gain: 18dB, , L, volume: no control. Timing signal peak level -41.9 dBFS, measurement signal peak level -34.2 dBFS
* Format: 512k Log Swept Sine, 1 sweep at -12.0 dBFS using an acoustic timing reference
* Dated: Jul 28, 2026 6:45:38 PM
* REW Settings:
*  C-weighting compensation: Off
*  Target level: 75.0 dB
* Note: ; gauche :0.773 du mur gauche 0,539 mur arriere droite: 3.219 du mur gauche 0.515 mur arriere Delay 0.0241 ms (8.3 mm, 0.33 in) using estimated IR delay relative to Acoustic reference played from  L with no timing offset
* Measurement: L+R baseline Jul 28
* Smoothing: 1/12 octave
* Frequency Step: 96 ppo
* Start Frequency: 20.141602 Hz
*
* Freq(Hz) SPL(dB) Phase(degrees)
20.141602 51.290 -126.0869
20.287556 51.220 -125.9076
20.434568 51.117 -125.6110
20.582645 50.990 -125.2083
20.731796 50.852 -124.7429
20.882027 50.717 -124.2919
21.033346 50.598 -123.9507
21.185763 50.508 -123.8119
21.339284 50.457 -123.9420
21.493917 50.449 -124.3589
21.649671 50.486 -125.0222
21.806553 50.561 -125.8352
21.964572 50.666 -126.6584
22.123737 50.788 -127.3350
22.284054 50.913 -127.7163
22.445534 51.029 -127.6833
22.608183 51.126 -127.1643
22.772012 51.203 -126.1452
22.937027 51.260 -124.6796
23.103238 51.306 -122.8960
23.270654 51.351 -120.9949
23.439282 51.408 -119.2335
23.609133 51.486 -117.8889
23.780215 51.592 -117.2085
23.952536 51.726 -117.3623
24.126106 51.881 -118.4056
24.300934 52.045 -120.2686
24.477028 52.198 -122.7655
24.654399 52.314 -125.6267
24.833055 52.366 -128.5385
25.013005 52.326 -131.1676
25.194260 52.176 -133.1540
25.376828 51.915 -134.0362
25.560719 51.582 -133.0742
25.745942 51.289 -128.8506
25.932508 51.244 -118.5582
26.120426 51.679 -98.4616
26.309705 52.680 -72.4530
26.500356 54.105 -53.8168
26.692388 55.718 -44.9256
26.885812 57.344 -41.8906
27.080638 58.891 -42.0377
27.276876 60.324 -44.0123
27.474535 61.632 -47.1115
27.673627 62.819 -50.9439
27.874161 63.890 -55.2774
28.076149 64.851 -59.9677
28.279600 65.709 -64.9208
28.484526 66.471 -70.0708
28.690937 67.143 -75.3663
28.898843 67.733 -80.7621
29.108256 68.248 -86.2157
29.319186 68.694 -91.6876
29.531645 69.080 -97.1431
29.745644 69.412 -102.5563
29.961193 69.694 -107.9122
30.178304 69.931 -113.2074
30.396989 70.125 -118.4483
30.617258 70.275 -123.6458
30.839123 70.378 -128.8087
31.062596 70.429 -133.9361
31.287688 70.419 -139.0099
31.514412 70.340 -143.9872
31.742778 70.183 -148.7943
31.972800 69.941 -153.3198
32.204488 69.611 -157.4120
32.437855 69.195 -160.8764
32.672913 68.707 -163.4847
32.909674 68.175 -165.0002
33.148151 67.645 -165.2344
33.388356 67.184 -164.1454
33.630302 66.862 -161.9493
33.874001 66.729 -159.1567
34.119466 66.789 -156.4311
34.366710 67.000 -154.3352
34.615745 67.294 -153.1519
34.866585 67.605 -152.8806
35.119243 67.887 -153.3381
35.373731 68.111 -154.2626
35.630064 68.266 -155.3827
35.888254 68.355 -156.4548
36.148315 68.390 -157.2820
36.410261 68.393 -157.7284
36.674104 68.395 -157.7324
36.939860 68.432 -157.3181
37.207542 68.538 -156.5981
37.477163 68.735 -155.7520
37.748738 69.025 -154.9785
38.022281 69.393 -154.4375
38.297806 69.808 -154.2113
38.575327 70.241 -154.2995
38.854860 70.668 -154.6454
39.136419 71.077 -155.1710
39.420017 71.468 -155.8075
39.705671 71.847 -156.5155
39.993395 72.222 -157.2901
40.283203 72.602 -158.1552
40.575112 72.989 -159.1487
40.869136 73.384 -160.3046
41.165290 73.785 -161.6398
41.463591 74.192 -163.1506
41.764053 74.605 -164.8167
42.066693 75.026 -166.6118
42.371525 75.454 -168.5145
42.678567 75.881 -170.5147
42.987834 76.296 -172.6122
43.299341 76.684 -174.8090
43.613106 77.034 -177.0977
43.929145 77.337 -179.4523
44.247473 77.592 178.1739
44.568109 77.806 175.8419
44.891068 77.995 173.6107
45.216367 78.175 171.5184
45.544023 78.363 169.5646
45.874054 78.569 167.7079
46.206476 78.797 165.8774
46.541307 79.043 163.9962
46.878565 79.300 162.0063
47.218266 79.557 159.8819
47.560429 79.809 157.6294
47.905072 80.050 155.2772
48.252212 80.279 152.8622
48.601867 80.497 150.4184
48.954056 80.703 147.9709
49.308798 80.899 145.5348
49.666109 81.084 143.1164
50.026010 81.261 140.7169
50.388520 81.431 138.3358
50.753656 81.596 135.9754
51.121437 81.759 133.6430
51.491884 81.924 131.3513
51.865016 82.092 129.1136
52.240851 82.270 126.9349
52.619410 82.465 124.8011
53.000712 82.684 122.6747
53.384777 82.935 120.4996
53.771625 83.221 118.2147
54.161276 83.543 115.7641
54.553751 83.899 113.0969
54.949070 84.286 110.1538
55.347254 84.695 106.8561
55.748323 85.110 103.1128
56.152298 85.505 98.8510
56.559201 85.850 94.0544
56.969052 86.114 88.7892
57.381873 86.270 83.2042
57.797686 86.305 77.5089
58.216512 86.214 71.9429
58.638373 86.008 66.7475
59.063291 85.714 62.1432
59.491288 85.378 58.3007
59.922386 85.070 55.2883
60.356608 84.878 52.9872
60.793977 84.875 51.0220
61.234515 85.086 48.8085
61.678246 85.458 45.7595
62.125192 85.888 41.5141
62.575377 86.271 36.0216
63.028824 86.529 29.4753
63.485557 86.617 22.1981
63.945599 86.520 14.5515
64.408975 86.242 6.8712
64.875709 85.806 -0.5790
65.345825 85.246 -7.6390
65.819348 84.601 -14.2659
66.296302 83.911 -20.5247
66.776713 83.209 -26.5572
67.260604 82.511 -32.5367
67.748002 81.812 -38.6155
68.238932 81.088 -44.8762
68.733420 80.301 -51.2920
69.231490 79.407 -57.7053
69.733170 78.370 -63.8301
70.238485 77.168 -69.2827
70.747463 75.802 -73.6472
71.260128 74.295 -76.5787
71.776508 72.693 -77.9377
72.296630 71.073 -77.9298
72.820521 69.540 -77.2014
73.348209 68.233 -76.8006
73.879720 67.291 -77.9246
74.415083 66.793 -81.5585
74.954326 66.717 -88.2529
75.497475 66.966 -98.0959
76.044561 67.438 -110.7108
76.595612 68.065 -125.2188
77.150655 68.810 -140.3706
77.709720 69.653 -154.9806
78.272837 70.565 -168.3521
78.840034 71.511 179.6516
79.411342 72.449 168.8154
79.986789 73.342 158.8381
80.566406 74.165 149.5217
81.150224 74.907 140.8232
81.738272 75.566 132.7836
82.330581 76.156 125.4229
82.927182 76.698 118.6786
83.528107 77.220 112.4009
84.133386 77.743 106.3790
84.743051 78.271 100.3849
85.357134 78.791 94.2281
85.975667 79.273 87.7973
86.598682 79.679 81.0714
87.226212 79.976 74.1034
87.858289 80.138 66.9995
88.494946 80.147 59.9045
89.136217 79.995 53.0024
89.782135 79.677 46.5248
90.432733 79.195 40.7647
91.088046 78.561 36.0770
91.748108 77.811 32.8431
92.412952 77.014 31.3489
93.082615 76.276 31.5591
93.757130 75.707 32.9321
94.436533 75.374 34.5652
95.120859 75.255 35.6647
95.810144 75.273 35.8824
96.504423 75.338 35.2819
97.203734 75.386 34.1431
97.908112 75.386 32.8112
98.617595 75.340 31.6050
99.332219 75.273 30.7409
100.052021 75.223 30.2700
100.777039 75.222 30.0743
101.507311 75.286 29.9471
102.242875 75.414 29.7015
102.983769 75.597 29.2195
103.730032 75.831 28.4301
104.481702 76.108 27.2607
105.238820 76.420 25.6139
106.001424 76.747 23.3816
106.769554 77.057 20.4891
107.543250 77.317 16.9361
108.322553 77.491 12.8124
109.107503 77.553 8.2878
109.898141 77.480 3.5952
110.694508 77.262 -0.9784
111.496646 76.905 -5.1054
112.304596 76.443 -8.4681
113.118402 75.944 -10.8722
113.938104 75.501 -12.4119
114.763747 75.206 -13.5726
115.595372 75.093 -15.1042
116.433024 75.115 -17.6732
117.276746 75.170 -21.5822
118.126581 75.145 -26.7630
118.982575 74.953 -32.9255
119.844772 74.536 -39.6696
120.713217 73.864 -46.5179
121.587954 72.933 -52.9036
122.469031 71.773 -58.0640
123.356492 70.466 -60.5516
124.250384 69.187 -55.7531
125.150753 68.242 -20.4628
126.057647 67.960 40.1794
126.971113 68.405 54.2836
127.891198 69.320 55.1083
128.817950 70.398 52.2095
129.751418 71.459 47.7528
130.691651 72.429 42.4532
131.638696 73.289 36.5936
132.592604 74.038 30.2645
133.553425 74.676 23.4616
134.521208 75.194 16.1628
135.496004 75.578 8.3808
136.477864 75.821 0.1572
137.466839 75.924 -8.4924
138.462981 75.895 -17.6340
139.466340 75.743 -27.4202
140.476971 75.473 -38.0652
141.494925 75.088 -49.8609
142.520256 74.602 -63.3006
143.553016 74.050 -79.3593
144.593260 73.491 -99.9648
145.641043 73.000 -128.0452
146.696418 72.653 -163.4072
147.759441 72.491 163.3833
148.830166 72.514 139.0300
149.908651 72.680 121.8340
150.994951 72.932 109.1509
152.089123 73.235 99.5195
153.191223 73.594 92.2588
154.301310 74.058 86.9841
155.419441 74.687 83.2544
156.545674 75.504 80.4128
157.680069 76.465 77.6953
158.822683 77.492 74.4749
159.973578 78.501 70.4146
161.132813 79.432 65.4602
162.300447 80.248 59.7445
163.476543 80.936 53.4810
164.661162 81.498 46.8936
165.854364 81.949 40.1858
167.056213 82.317 33.5144
168.266772 82.634 26.9490
169.486102 82.928 20.4485
170.714268 83.213 13.8909
171.951334 83.481 7.1395
173.197364 83.715 0.0974
174.452424 83.894 -7.2789
175.716578 83.998 -14.9863
176.989893 84.014 -22.9860
178.272434 83.934 -31.2205
179.564270 83.760 -39.6466
180.865467 83.495 -48.2629
182.176092 83.136 -57.1024
183.496216 82.669 -66.1864
184.825905 82.072 -75.4872
186.165229 81.325 -84.9258
187.514259 80.419 -94.3967
188.873065 79.357 -103.7843
190.241717 78.164 -112.9374
191.620287 76.898 -121.5280
193.008847 75.666 -128.3522
194.407468 74.635 -123.1848
195.816225 73.981 1.0437
197.235190 73.774 5.4247
198.664438 73.920 -1.3512
200.104042 74.255 -9.6935
201.554078 74.635 -18.4006
203.014622 74.969 -27.1644
204.485750 75.185 -35.8032
205.967538 75.231 -43.8730
207.460064 75.096 -50.3087
208.963405 74.832 -53.0399
210.477640 74.564 -49.0291
212.002848 74.442 -37.9163
213.539108 74.544 -27.8298
215.086500 74.814 -25.2672
216.645105 75.128 -28.6934
218.215005 75.383 -35.2816
219.796281 75.519 -43.3408
221.389015 75.513 -52.0199
222.993292 75.356 -60.8881
224.609193 75.047 -69.7106
226.236804 74.590 -78.3462
227.876209 73.984 -86.6866
229.527494 73.230 -94.6052
231.190745 72.327 -101.9202
232.866048 71.288 -108.3853
234.553491 70.148 -113.6698
236.253163 68.979 -117.2938
237.965150 67.924 -118.6389
239.689544 67.217 -117.4786
241.426433 67.098 -115.2214
243.175909 67.598 -115.0344
244.938062 68.495 -119.3594
246.712984 69.517 -128.5104
248.500768 70.487 -141.6538
250.301507 71.313 -157.6908
252.115295 71.959 -175.4530
253.942226 72.419 166.2432
255.782396 72.718 148.4406
257.635901 72.906 131.8792
259.502837 73.057 116.9286
261.383301 73.252 103.6079
263.277392 73.543 91.6611
265.185209 73.928 80.6801
267.106850 74.351 70.2615
269.042417 74.736 60.1519
270.992009 75.027 50.2946
272.955729 75.204 40.7598
274.933678 75.280 31.6219
276.925961 75.286 22.8584
278.932681 75.243 14.3378
280.953942 75.142 5.9147
282.989850 74.950 -2.4257
285.040511 74.626 -10.4661
287.106032 74.140 -17.7031
289.186521 73.496 -23.2491
291.282086 72.739 -25.7394
293.392836 71.982 -23.7776
295.518881 71.377 -17.8986
297.660333 71.013 -12.0688
299.817302 70.835 -9.8282
301.989902 70.691 -11.1335
304.178245 70.443 -14.2866
306.382446 70.038 -17.6895
308.602620 69.498 -20.2378
310.838882 68.909 -21.3196
313.091348 68.397 -20.8134
315.360137 68.089 -19.1571
317.645367 68.055 -17.3010
319.947156 68.260 -16.2798
322.265625 68.590 -16.6979
324.600895 68.920 -18.5652
326.953086 69.174 -21.4783
329.322323 69.338 -24.9612
331.708729 69.431 -28.7068
334.112427 69.484 -32.5887
336.533543 69.525 -36.6019
338.972204 69.570 -40.8536
341.428536 69.613 -45.5408
343.902668 69.623 -50.8312
346.394729 69.554 -56.7308
348.904848 69.376 -63.0632
351.433156 69.087 -69.5714
353.979786 68.712 -76.0000
356.544869 68.308 -82.0677
359.128540 67.986 -87.4406
361.730934 67.921 -91.9147
364.352185 68.292 -95.8672
366.992431 69.128 -100.4750
369.651810 70.269 -107.1156
372.330459 71.503 -116.4846
375.028519 72.684 -128.3741
377.746130 73.760 -142.0011
380.483434 74.751 -156.4075
383.240574 75.714 -170.7968
386.017693 76.682 175.2045
388.814937 77.621 161.4822
391.632450 78.433 147.6904
394.470380 78.999 133.6764
397.328875 79.237 119.7351
400.208084 79.117 106.5106
403.108157 78.672 94.6686
406.029245 77.978 84.6351
408.971500 77.137 76.5367
411.935076 76.261 70.3212
414.920127 75.463 65.8967
417.926810 74.860 63.1129
420.955280 74.564 61.6041
424.005695 74.634 60.6869
427.078215 75.031 59.4675
430.173000 75.631 57.1678
433.290211 76.281 53.4106
436.430010 76.856 48.2230
439.592562 77.267 41.8899
442.778031 77.463 34.8485
445.986583 77.424 27.6000
449.218386 77.155 20.6144
452.473607 76.673 14.3108
455.752418 76.005 9.0846
459.054987 75.195 5.3099
462.381489 74.305 3.2963
465.732096 73.428 3.1719
469.106983 72.673 4.6552
472.506325 72.134 6.8989
475.930301 71.832 8.7982
479.379088 71.700 9.6522
482.852867 71.636 9.4183
486.351817 71.553 8.4347
489.876123 71.391 7.2537
493.425968 71.134 6.7767
497.001536 70.843 8.3812
500.603014 70.675 13.7333
504.230589 70.820 23.6417
507.884452 71.355 35.5400
511.564792 72.165 44.3408
515.271802 73.042 47.9696
519.005673 73.821 47.7517
522.766602 74.436 45.6826
526.554785 74.910 43.3184
530.370418 75.331 41.5487
534.213700 75.796 40.4424
538.084833 76.350 39.3995
541.984018 76.973 37.8207
545.911457 77.632 35.6025
549.867357 78.322 32.9788
553.851922 79.061 30.2400
557.865362 79.878 27.6753
561.907884 80.799 25.4658
565.979700 81.810 23.3679
570.081022 82.834 20.5238
574.212064 83.742 15.9384
578.373042 84.400 9.2722
582.564171 84.720 1.0459
586.785671 84.684 -7.7709
591.037762 84.340 -16.3274
595.320665 83.780 -24.1971
599.634604 83.095 -31.3285
603.979804 82.344 -37.8204
608.356491 81.534 -43.6577
612.764893 80.637 -48.5022
617.205240 79.628 -51.6390
621.677763 78.529 -52.1980
626.182696 77.435 -49.6896
630.720274 76.491 -44.7253
635.290733 75.836 -38.9712
639.894312 75.535 -33.8362
644.531250 75.577 -29.7550
649.201789 75.909 -26.7517
653.906173 76.455 -24.9232
658.644647 77.118 -24.4974
663.417457 77.790 -25.7002
668.224854 78.373 -28.4769
673.067086 78.803 -32.4116
677.944408 79.059 -36.9331
682.857073 79.162 -41.5134
687.805336 79.160 -45.7720
692.789457 79.124 -49.5842
697.809695 79.117 -53.1454
702.866312 79.157 -56.8625
707.959571 79.211 -61.0786
713.089738 79.229 -65.8765
718.257080 79.176 -71.1533
723.461867 79.036 -76.7729
728.704370 78.810 -82.6262
733.984862 78.506 -88.6382
739.303619 78.131 -94.7407
744.660918 77.690 -100.8074
750.057038 77.177 -106.5232
755.492260 76.571 -110.9849
760.966869 75.876 -111.7866
766.481148 75.177 -103.6108
772.035387 74.659 -81.4536
777.629873 74.497 -59.8008
783.264900 74.699 -51.9675
788.940760 75.083 -53.0060
794.657750 75.435 -58.1979
800.416168 75.634 -65.2386
806.216313 75.648 -73.0049
812.058489 75.493 -80.9878
817.943000 75.192 -88.9749
823.870152 74.756 -96.7903
829.840255 74.190 -104.0295
835.853619 73.521 -109.6123
841.910559 72.838 -110.3835
848.011390 72.309 -94.7261
854.156430 72.126 -45.5604
860.346000 72.378 -21.2649
866.580422 72.986 -18.6284
872.860020 73.772 -22.0393
879.185124 74.549 -27.6294
885.556062 75.177 -34.1481
891.973166 75.567 -40.8225
898.436771 75.689 -46.8091
904.947215 75.599 -51.1702
911.504835 75.437 -53.3325
918.109975 75.379 -53.7098
924.762978 75.529 -53.7057
931.464192 75.860 -54.6642
938.213966 76.272 -57.0057
945.012651 76.671 -60.4779
951.860602 77.005 -64.6023
958.758176 77.265 -68.8992
965.705733 77.469 -72.9971
972.703635 77.661 -76.6460
979.752246 77.904 -79.8335
986.851935 78.254 -83.0244
994.003071 78.702 -86.9526
1001.206027 79.181 -92.0781
1008.461179 79.616 -98.4307
1015.768904 79.959 -105.8154
1023.129584 80.190 -114.0225
1030.543603 80.297 -122.9211
1038.011347 80.260 -132.4236
1045.533205 80.059 -142.4224
1053.109569 79.680 -152.7798
1060.740836 79.134 -163.3987
1068.427401 78.452 -174.3408
1076.169666 77.675 174.1599
1083.968035 76.850 161.7432
1091.822915 76.052 147.6978
1099.734713 75.397 130.0762
1107.703844 74.983 102.0845
1115.730723 74.806 40.9829
1123.815768 74.740 -20.8767
1131.959400 74.617 -49.5269
1140.162045 74.331 -67.1362
1148.424129 73.897 -80.0405
1156.746083 73.429 -90.2019
1165.128342 73.063 -98.7275
1173.571343 72.866 -106.2825
1182.075524 72.802 -113.1465
1190.641331 72.767 -119.0596
1199.269209 72.682 -123.0391
1207.959608 72.546 -124.1580
1216.712981 72.423 -123.4192
1225.529785 72.346 -123.8967
1234.410479 72.262 -127.5247
1243.355526 72.062 -133.9121
1252.365393 71.664 -141.7454
1261.440549 71.067 -149.8677
1270.581467 70.345 -157.5957
1279.788624 69.639 -164.7241
1289.062500 69.149 -171.5676
1298.403578 69.061 -178.5969
1307.812346 69.424 174.3098
1317.289293 70.114 170.1018
1326.834914 70.913 -98.3750
1336.449707 71.620 -57.0786
1346.134173 72.123 -67.4534
1355.888816 72.403 -81.6670
1365.714145 72.497 -96.8914
1375.610673 72.461 -112.2148
1385.578915 72.352 -127.0349
1395.619391 72.218 -140.3940
1405.732624 72.070 -148.6331
1415.919142 71.870 -106.0823
1426.179476 71.587 -33.5168
1436.514160 71.251 -35.0591
1446.923734 70.945 -41.0171
1457.408740 70.730 -47.2646
1467.969724 70.587 -53.4995
1478.607238 70.464 -59.0154
1489.321836 70.349 -62.9263
1500.114076 70.271 -65.2549
1510.984521 70.264 -66.8623
1521.933737 70.363 -68.0884
1532.962297 70.630 -68.6953
1544.070773 71.136 -68.8706
1555.259747 71.903 -69.5237
1566.529800 72.853 -71.9058
1577.881521 73.836 -76.7668
1589.315501 74.699 -84.1155
1600.832336 75.331 -93.4744
1612.432627 75.687 -104.0740
1624.116978 75.794 -115.1167
1635.886000 75.718 -126.0327
1647.740304 75.510 -136.4028
1659.680509 75.190 -145.7512
1671.707238 74.776 -153.3955
1683.821118 74.343 -158.7964
1696.022780 74.002 -162.6714
1708.312860 73.782 -167.0989
1720.692000 73.573 -173.7690
1733.160843 73.231 177.4209
1745.720041 72.707 167.5249
1758.370248 72.075 156.7771
1771.112124 71.478 143.8694
1783.946332 71.058 126.5098
1796.873543 70.868 102.4878
1809.894429 70.841 72.6855
1823.009670 70.870 43.5203
1836.219950 70.931 20.0811
1849.525956 71.097 2.0903
1862.928384 71.436 -12.5398
1876.427931 71.901 -25.5498
1890.025301 72.353 -37.9631
1903.721204 72.671 -50.0432
1917.516352 72.820 -61.5188
1931.411466 72.841 -72.0405
1945.407270 72.794 -81.3540
1959.504493 72.740 -89.3276
1973.703870 72.735 -95.9590
1988.006142 72.835 -101.3489
2002.412054 73.056 -106.0278
2016.922357 73.329 -111.2122
2031.537808 73.533 -118.0374
2046.259169 73.597 -126.5659
2061.087206 73.573 -136.1873
2076.022694 73.592 -146.5291
2091.066410 73.759 -157.6863
2106.219139 74.087 -170.1497
2121.481671 74.496 174.8301
2136.854802 74.870 154.2251
2152.339333 75.098 120.7183
2167.936071 75.105 64.1199
2183.645829 74.866 13.3635
2199.469427 74.429 -15.0979
2215.407689 73.919 -32.3928
2231.461446 73.499 -43.4460
2247.631536 73.286 -50.2478
2263.918800 73.291 -54.3804
2280.324089 73.441 -57.2402
2296.848258 73.649 -59.4905
2313.492167 73.843 -61.9072
2330.256685 73.962 -65.5645
2347.142685 73.962 -70.5010
2364.151049 73.848 -75.7095
2381.282662 73.703 -80.1482
2398.538418 73.661 -83.3562
2415.919216 73.834 -85.4590
2433.425962 74.243 -86.8892
2451.059570 74.825 -88.2144
2468.820958 75.484 -90.2493
2486.711052 76.117 -93.9023
2504.730786 76.635 -99.3911
2522.881098 76.999 -106.1768
2541.162934 77.216 -113.5833
2559.577248 77.307 -121.1301
2578.125000 77.289 -128.4722
2596.807157 77.188 -135.3369
2615.624692 77.038 -141.6816
2634.578586 76.834 -147.6785
2653.669829 76.516 -153.2617
2672.899414 76.031 -157.8125
2692.268345 75.402 -160.5320
2711.777632 74.737 -161.1411
2731.428290 74.166 -160.0740
2751.221345 73.767 -158.1902
2771.157829 73.544 -156.1663
2791.238781 73.471 -153.9934
2811.465248 73.560 -151.4622
2831.838284 73.833 -148.9846
2852.358952 74.253 -147.7664
2873.028321 74.708 -148.6396
2893.847468 75.078 -151.2200
2914.817480 75.298 -154.2793
2935.939449 75.393 -156.5791
2957.214476 75.442 -157.7429
2978.643672 75.525 -158.6497
3000.228152 75.667 -160.5371
3021.969041 75.842 -163.8359
3043.867475 76.012 -168.2605
3065.924593 76.158 -173.3989
3088.141547 76.262 -178.9534
3110.519493 76.301 175.2888
3133.059600 76.245 169.6255
3155.763041 76.077 164.5071
3178.631001 75.807 160.5454
3201.664672 75.481 158.4443
3224.865254 75.173 158.8606
3248.233957 74.980 161.5017
3271.771999 74.964 164.3835
3295.480608 75.093 165.3967
3319.361019 75.263 164.0010
3343.414477 75.364 160.9629
3367.642236 75.338 157.4375
3392.045560 75.210 154.3835
3416.625721 75.062 152.1248
3441.383999 74.973 150.2305
3466.321686 74.956 147.9597
3491.440082 74.970 145.0110
3516.740496 74.974 141.6733
3542.224247 74.967 138.4001
3567.892664 74.969 135.4971
3593.747085 74.973 132.9001
3619.788858 74.919 130.2964
3646.019340 74.727 127.7178
3672.439900 74.387 125.7661
3699.051913 74.000 124.8757
3725.856768 73.716 124.8069
3752.855862 73.657 124.7297
3780.050603 73.830 123.5537
3807.442408 74.119 120.5474
3835.032705 74.363 115.7322
3862.822933 74.443 109.7722
3890.814540 74.317 103.7021
3919.008986 74.001 98.8521
3947.407741 73.567 97.0669
3976.012284 73.144 100.4263
4004.824108 72.875 109.0913
4033.844715 72.823 118.6213
4063.075616 72.942 123.9858
4092.518337 73.151 124.8542
4122.174412 73.420 123.1160
4152.045387 73.750 119.9751
4182.132820 74.112 115.7188
4212.438278 74.416 110.3276
4242.963342 74.544 104.0725
4273.709604 74.429 97.7095
4304.678665 74.079 92.1101
4335.872141 73.553 87.8103
4367.291658 72.917 85.1216
4398.938854 72.249 84.3792
4430.815378 71.650 85.3691
4462.922893 71.210 86.9377
4495.263072 70.977 87.8159
4527.837601 70.940 87.2954
4560.648179 71.031 85.1772
4593.696515 71.144 81.7849
4626.984334 71.213 78.0002
4660.513370 71.257 75.0381
4694.285371 71.351 74.0598
4728.302098 71.544 75.6477
4762.565324 71.824 78.8152
4797.076835 72.133 81.2417
4831.838432 72.391 82.2869
4866.851925 72.544 83.6167
4902.119140 72.601 86.3557
4937.641916 72.618 89.3469
4973.422105 72.680 91.4778
5009.461572 72.858 92.6799
5045.762195 73.157 92.1921
5082.325868 73.496 88.8110
5119.154496 73.758 82.4333
5156.250000 73.855 74.0825
5193.614313 73.748 65.1387
5231.249383 73.466 56.9641
5269.157173 73.110 50.4080
5307.339658 72.785 45.1819
5345.798829 72.551 39.6819
5384.536691 72.415 31.8584
5423.555263 72.348 18.9250
5462.856580 72.311 -136.0754
5502.442691 72.278 -170.1250
5542.315659 72.260 177.8911
5582.477563 72.318 168.8247
5622.930497 72.516 161.3010
5663.676569 72.850 154.3850
5704.717904 73.236 147.7668
5746.056642 73.570 141.8518
5787.694937 73.797 137.3462
5829.634960 73.948 134.4597
5871.878898 74.097 132.3970
5914.428953 74.284 129.9258
5957.287343 74.477 126.0732
6000.456303 74.611 120.8416
6043.938083 74.639 115.2363
6087.734950 74.565 110.6777
6131.849187 74.464 108.4790
6176.283094 74.446 109.1750
6221.038987 74.577 111.7959
6266.119200 74.841 114.2769
6311.526083 75.174 114.9817
6357.262002 75.512 113.1995
6403.329344 75.799 109.2781
6449.730508 76.005 104.2161
6496.467914 76.127 98.9993
6543.543998 76.199 94.3469
6590.961215 76.294 90.4758
6638.722037 76.470 87.1023
6686.828954 76.734 83.7739
6735.284473 77.037 80.1021
6784.091120 77.309 75.7834
6833.251441 77.466 70.6404
6882.767998 77.437 64.9893
6932.643372 77.217 59.5703
6982.880164 76.879 54.9441
7033.480992 76.519 51.2195
7084.448495 76.208 48.2449
7135.785329 75.983 45.9683
7187.494171 75.869 44.4202
7239.577717 75.865 43.3081
7292.038681 75.919 42.0850
7344.879799 75.962 40.5090
7398.103826 75.972 38.6501
7451.713536 75.991 36.2417
7505.711724 76.041 32.8538
7560.101205 76.092 28.4180
7614.884815 76.095 23.2661
7670.065409 76.031 17.7808
7725.645865 75.898 12.1370
7781.629080 75.689 6.4844
7838.017972 75.391 1.1260
7894.815481 75.019 -3.6125
7952.024569 74.614 -7.7205
8009.648217 74.203 -11.3513
8067.689429 73.797 -14.4285
8126.151233 73.428 -16.7239
8185.036674 73.142 -18.4287
8244.348824 72.945 -20.2336
8304.090774 72.786 -22.8342
8364.265639 72.596 -26.5681
8424.876556 72.314 -31.5161
8485.926684 71.884 -37.1123
8547.419207 71.305 -42.1311
8609.357330 70.651 -45.1531
8671.744282 70.038 -44.2595
8734.583316 69.559 -34.6763
8797.877707 69.244 -2.5220
8861.630756 69.090 43.9006
8925.845785 69.091 62.9500
8990.526143 69.207 67.2932
9055.675202 69.382 66.4944
9121.296357 69.591 64.4116
9187.393031 69.851 63.0007
9253.968668 70.198 63.2378
9321.026740 70.656 65.2764
9388.570742 71.209 68.1455
9456.604196 71.804 69.9402
9525.130648 72.403 69.5581
9594.153671 73.015 67.2185
9663.676863 73.654 63.3044
9733.703850 74.299 58.0115
9804.238280 74.894 51.6401
9875.283832 75.387 44.5930
9946.844210 75.743 37.2864
10018.923143 75.960 30.0754
10091.524390 76.058 23.1458
10164.651736 76.042 16.5615
10238.308993 75.907 10.4578
10312.500000 75.667 5.1104
10387.228626 75.372 0.7148
10462.498767 75.095 -2.8247
10538.314345 74.896 -5.8784
10614.679315 74.793 -8.8960
10691.597657 74.754 -12.2485
10769.073381 74.725 -16.0376
10847.110526 74.663 -20.1912
10925.713161 74.536 -24.6216
11004.885382 74.324 -29.1443
11084.631318 74.031 -33.4658
11164.955126 73.675 -37.2937
11245.860993 73.289 -40.4141
11327.353138 72.913 -42.9358
11409.435808 72.569 -45.2683
11492.113283 72.247 -47.8677
11575.389873 71.922 -51.1152
11659.269920 71.576 -55.0793
11743.757796 71.199 -59.5120
11828.857906 70.795 -64.0154
11914.574686 70.390 -67.9595
12000.912606 70.045 -70.4751
12087.876166 69.808 -70.4126
12175.469900 69.660 -65.6987
12263.698373 69.537 -52.6001
12352.566187 69.402 -29.3049
12442.077974 69.306 -6.7673
12532.238400 69.349 6.1096
12623.052165 69.579 12.2356
12714.524005 69.954 14.7949
12806.658687 70.407 15.2012
12899.461015 70.899 14.0061
12992.935827 71.413 11.6111
13087.087996 71.919 8.3787
13181.922430 72.383 4.7202
13277.444074 72.802 1.1648
13373.657907 73.209 -1.8479
13470.568945 73.654 -4.1731
13568.182241 74.172 -6.1919
13666.502883 74.760 -8.6541
13765.535996 75.376 -12.2915
13865.286744 75.948 -17.4258
13965.760328 76.401 -23.9348
14066.961984 76.685 -31.4153
14168.896989 76.784 -39.3398
14271.570658 76.716 -47.2297
14374.988342 76.519 -54.7717
14479.155433 76.246 -61.8904
14584.077362 75.952 -68.7139
14689.759598 75.672 -75.5242
14796.207652 75.390 -82.5918
14903.427072 75.059 -90.0344
15011.423448 74.631 -97.8005
15120.202410 74.076 -105.7761
15229.769630 73.380 -113.8396
15340.130819 72.538 -121.8699
15451.291730 71.560 -129.7524
15563.258160 70.479 -137.4238
15676.035944 69.344 -144.9075
15789.630962 68.215 -152.2993
15904.049137 67.151 -159.6707
16019.296433 66.227 -167.1460
16135.378859 65.539 -177.9097
16252.302465 65.182 3.5439
16370.073348 65.211 -2.9873
16488.697648 65.613 -7.7441
16608.181548 66.316 -11.5508
16728.531278 67.230 -14.9609
16849.753112 68.258 -18.7578
16971.853368 69.295 -23.6636
17094.838414 70.248 -30.0308
17218.714660 71.057 -37.7910
17343.488565 71.692 -46.6250
17469.166632 72.151 -56.1758
17595.755415 72.447 -66.1768
17723.261512 72.587 -76.4805
17851.691571 72.570 -86.9990
17981.052287 72.380 -97.6274
18111.350404 72.003 -108.2168
18242.592715 71.429 -118.5820
18374.786062 70.662 -128.5439
18507.937336 69.726 -138.0181
18642.053479 68.664 -147.0991
18777.141484 67.528 -156.0825
18913.208391 66.367 -165.4424
19050.261296 65.216 -175.7539
19188.307342 64.098 172.4609
19327.353727 63.028 158.9302
19467.407699 62.036 144.1201
19608.476560 61.174 129.9009
19750.567664 60.502 118.8101
19893.688419 60.057 111.7002
20037.846286 59.841 107.4829
