* Measurement data measured by REW V5.31.3
* Source: Umik-1  Gain: 18dB, , L, volume: no control. Timing signal peak level -42.1 dBFS, measurement signal peak level -38.8 dBFS
* Format: 512k Log Swept Sine, 1 sweep at -12.0 dBFS using an acoustic timing reference
* Dated: Jul 28, 2026 6:45:15 PM
* REW Settings:
*  C-weighting compensation: Off
*  Target level: 75.0 dB
* Note: ; gauche :0.773 du mur gauche 0,539 mur arriere droite: 3.219 du mur gauche 0.515 mur arriere Delay 0.3056 ms (105 mm, 4.13 in) using estimated IR delay relative to Acoustic reference played from  L with no timing offset
* Measurement: R baseline Jul 28
* Smoothing: 1/12 octave
* Frequency Step: 96 ppo
* Start Frequency: 20.141602 Hz
*
* Freq(Hz) SPL(dB) Phase(degrees)
20.141602 46.417 -122.8869
20.287556 46.378 -121.8700
20.434568 46.304 -120.5263
20.582645 46.180 -119.1893
20.731796 45.998 -118.1404
20.882027 45.762 -117.5853
21.033346 45.488 -117.6614
21.185763 45.208 -118.4448
21.339284 44.966 -119.9454
21.493917 44.808 -122.0933
21.649671 44.773 -124.7285
21.806553 44.876 -127.6215
21.964572 45.106 -130.5227
22.123737 45.428 -133.2209
22.284054 45.794 -135.5749
22.445534 46.159 -137.5119
22.608183 46.488 -139.0013
22.772012 46.757 -140.0297
22.937027 46.954 -140.5854
23.103238 47.078 -140.6554
23.270654 47.140 -140.2353
23.439282 47.158 -139.3474
23.609133 47.154 -138.0591
23.780215 47.154 -136.4955
23.952536 47.177 -134.8291
24.126106 47.233 -133.2443
24.300934 47.320 -131.8882
24.477028 47.425 -130.8230
24.654399 47.531 -130.0063
24.833055 47.619 -129.2972
25.013005 47.674 -128.4828
25.194260 47.690 -127.3155
25.376828 47.672 -125.5478
25.560719 47.637 -122.9740
25.745942 47.617 -119.4703
25.932508 47.652 -115.0428
26.120426 47.794 -109.8658
26.309705 48.092 -104.2845
26.500356 48.586 -98.7631
26.692388 49.297 -93.7802
26.885812 50.215 -89.7235
27.080638 51.303 -86.8212
27.276876 52.505 -85.1291
27.474535 53.757 -84.5649
27.673627 55.003 -84.9668
27.874161 56.197 -86.1525
28.076149 57.306 -87.9596
28.279600 58.312 -90.2639
28.484526 59.209 -92.9785
28.690937 60.005 -96.0453
28.898843 60.718 -99.4233
29.108256 61.380 -103.0795
29.319186 62.024 -106.9868
29.531645 62.684 -111.1270
29.745644 63.384 -115.5024
29.961193 64.132 -120.1452
30.178304 64.914 -125.1217
30.396989 65.705 -130.5211
30.617258 66.475 -136.4387
30.839123 67.193 -142.9530
31.062596 67.833 -150.1075
31.287688 68.377 -157.8984
31.514412 68.811 -166.2670
31.742778 69.123 -175.1042
31.972800 69.304 175.7384
32.204488 69.346 166.4231
32.437855 69.241 157.1095
32.672913 68.980 147.9402
32.909674 68.558 139.0449
33.148151 67.972 130.5611
33.388356 67.223 122.6531
33.630302 66.319 115.5301
33.874001 65.278 109.4455
34.119466 64.131 104.6591
34.366710 62.925 101.3549
34.615745 61.729 99.5186
34.866585 60.622 98.8519
35.119243 59.671 98.8070
35.373731 58.900 98.7894
35.630064 58.291 98.3964
35.888254 57.790 97.5098
36.148315 57.344 96.2283
36.410261 56.910 94.7299
36.674104 56.455 93.1613
36.939860 55.948 91.5895
37.207542 55.362 90.0156
37.477163 54.664 88.4346
37.748738 53.825 86.9110
38.022281 52.826 85.6564
38.297806 51.665 85.0939
38.575327 50.362 85.8737
38.854860 48.977 88.7484
39.136419 47.609 94.1335
39.420017 46.383 101.4185
39.705671 45.401 108.9237
39.993395 44.691 115.1093
40.283203 44.258 119.5952
40.575112 44.195 123.0510
40.869136 44.723 127.2441
41.165290 45.995 140.8813
41.463591 47.882 -100.5070
41.764053 50.085 -76.3428
42.066693 52.363 -73.8228
42.371525 54.582 -74.9655
42.678567 56.678 -77.9295
42.987834 58.622 -82.2063
43.299341 60.396 -87.5295
43.613106 61.992 -93.6855
43.929145 63.407 -100.4687
44.247473 64.640 -107.6752
44.568109 65.695 -115.1074
44.891068 66.577 -122.5869
45.216367 67.294 -129.9610
45.544023 67.859 -137.1059
45.874054 68.291 -143.9202
46.206476 68.614 -150.3202
46.541307 68.858 -156.2399
46.878565 69.060 -161.6391
47.218266 69.252 -166.5191
47.560429 69.464 -170.9358
47.905072 69.710 -174.9964
48.252212 69.993 -178.8380
48.601867 70.304 177.4063
48.954056 70.627 173.6352
49.308798 70.952 169.7886
49.666109 71.272 165.8386
50.026010 71.581 161.7733
50.388520 71.878 157.5850
50.753656 72.159 153.2723
51.121437 72.417 148.8516
51.491884 72.647 144.3693
51.865016 72.848 139.8999
52.240851 73.028 135.5259
52.619410 73.204 131.3044
53.000712 73.399 127.2348
53.384777 73.639 123.2467
53.771625 73.942 119.2159
54.161276 74.319 114.9977
54.553751 74.773 110.4534
54.949070 75.299 105.4525
55.347254 75.884 99.8592
55.748323 76.500 93.5284
56.152298 77.109 86.3247
56.559201 77.673 78.1572
56.969052 78.154 69.0031
57.381873 78.529 58.9030
57.797686 78.787 47.9280
58.216512 78.930 36.1397
58.638373 78.969 23.5726
59.063291 78.914 10.2541
59.491288 78.771 -3.7623
59.922386 78.533 -18.3969
60.356608 78.182 -33.6080
60.793977 77.696 -49.4891
61.234515 77.059 -66.3472
61.678246 76.266 -84.7968
62.125192 75.327 -106.1304
62.575377 74.259 -134.0106
63.028824 73.089 178.7231
63.485557 71.861 107.4543
63.945599 70.640 63.0168
64.408975 69.530 36.1279
64.875709 68.686 15.0751
65.345825 68.274 -3.3625
65.819348 68.369 -20.1971
66.296302 68.901 -35.8892
66.776713 69.709 -50.7717
67.260604 70.635 -65.1295
67.748002 71.568 -79.1739
68.238932 72.434 -92.9808
68.733420 73.190 -106.4597
69.231490 73.816 -119.4224
69.733170 74.304 -131.7040
70.238485 74.663 -143.2292
70.747463 74.915 -153.9978
71.260128 75.088 -164.0464
71.776508 75.208 -173.4301
72.296630 75.288 177.7838
72.820521 75.326 169.5352
73.348209 75.308 161.8022
73.879720 75.219 154.6270
74.415083 75.048 148.1251
74.954326 74.800 142.4795
75.497475 74.500 137.9087
76.044561 74.207 134.5872
76.595612 74.005 132.5231
77.150655 73.989 131.4468
77.709720 74.214 130.8115
78.272837 74.671 129.9590
78.840034 75.290 128.3479
79.411342 75.982 125.6819
79.986789 76.662 121.8970
80.566406 77.266 117.0830
81.150224 77.746 111.4207
81.738272 78.075 105.1626
82.330581 78.244 98.6254
82.927182 78.259 92.1499
83.528107 78.143 86.0292
84.133386 77.932 80.4456
84.743051 77.665 75.4485
85.357134 77.375 70.9728
85.975667 77.085 66.8854
86.598682 76.802 63.0481
87.226212 76.527 59.3654
87.858289 76.256 55.7981
88.494946 75.981 52.3496
89.136217 75.699 49.0458
89.782135 75.409 45.9176
90.432733 75.116 42.9882
91.088046 74.827 40.2620
91.748108 74.547 37.7175
92.412952 74.279 35.3049
93.082615 74.023 32.9578
93.757130 73.771 30.6138
94.436533 73.516 28.2302
95.120859 73.244 25.7902
95.810144 72.941 23.3208
96.504423 72.587 20.9238
97.203734 72.163 18.8182
97.908112 71.662 17.3733
98.617595 71.103 17.0962
99.332219 70.555 18.4720
100.052021 70.136 21.5763
100.777039 69.964 25.6920
101.507311 70.085 29.5356
102.242875 70.447 32.0739
102.983769 70.953 32.9595
103.730032 71.514 32.3040
104.481702 72.074 30.3311
105.238820 72.594 27.2233
106.001424 73.039 23.1191
106.769554 73.375 18.1599
107.543250 73.572 12.5226
108.322553 73.604 6.4196
109.107503 73.456 0.0892
109.898141 73.118 -6.1973
110.694508 72.588 -12.0963
111.496646 71.867 -17.1255
112.304596 70.979 -20.6155
113.118402 69.991 -21.7800
113.938104 69.032 -20.1309
114.763747 68.278 -16.3458
115.595372 67.857 -12.6229
116.433024 67.734 -11.1786
117.276746 67.744 -12.6854
118.126581 67.708 -16.5278
118.982575 67.511 -21.5498
119.844772 67.116 -26.2097
120.713217 66.563 -27.8527
121.587954 65.990 -19.4279
122.469031 65.616 16.4821
123.356492 65.632 53.1486
124.250384 66.056 62.8293
125.150753 66.732 62.6135
126.057647 67.477 59.1521
126.971113 68.173 54.5071
127.891198 68.775 49.4624
128.817950 69.277 44.3218
129.751418 69.687 39.1875
130.691651 70.021 34.1021
131.638696 70.293 29.0859
132.592604 70.514 24.1079
133.553425 70.687 19.0831
134.521208 70.795 13.9429
135.496004 70.820 8.7124
136.477864 70.757 3.5081
137.466839 70.624 -1.5703
138.462981 70.454 -6.5828
139.466340 70.255 -11.7784
140.476971 69.993 -17.4307
141.494925 69.613 -23.6346
142.520256 69.074 -30.2520
143.553016 68.376 -36.9644
144.593260 67.589 -43.2695
145.641043 66.876 -48.0745
146.696418 66.484 -45.8811
147.759441 66.621 53.6482
148.830166 67.270 86.4388
149.908651 68.200 83.6249
150.994951 69.156 77.1525
152.089123 69.975 69.7109
153.191223 70.587 62.1785
154.301310 70.989 55.1074
155.419441 71.229 48.8990
156.545674 71.380 43.7594
157.680069 71.521 39.6586
158.822683 71.707 36.3776
159.973578 71.962 33.6241
161.132813 72.279 31.1418
162.300447 72.640 28.7556
163.476543 73.028 26.3668
164.661162 73.436 23.9506
165.854364 73.872 21.5509
167.056213 74.362 19.2147
168.266772 74.938 16.8669
169.486102 75.609 14.2509
170.714268 76.351 11.0148
171.951334 77.116 6.8809
173.197364 77.851 1.7472
174.452424 78.520 -4.3346
175.716578 79.099 -11.2369
176.989893 79.578 -18.8202
178.272434 79.954 -26.9677
179.564270 80.224 -35.6073
180.865467 80.380 -44.7013
182.176092 80.402 -54.2063
183.496216 80.261 -64.0181
184.825905 79.932 -73.9491
186.165229 79.398 -83.7474
187.514259 78.649 -93.1248
188.873065 77.685 -101.7656
190.241717 76.515 -109.3131
191.620287 75.152 -115.3464
193.008847 73.622 -119.3737
194.407468 71.965 -120.8843
195.816225 70.254 -119.5582
197.235190 68.603 -115.5898
198.664438 67.166 -109.6575
200.104042 66.117 -102.3231
201.554078 65.588 -93.9716
203.014622 65.582 -86.0010
204.485750 65.927 -80.9299
205.967538 66.360 -80.1094
207.460064 66.670 -82.8104
208.963405 66.747 -87.3779
210.477640 66.569 -92.0553
212.002848 66.182 -94.9529
213.539108 65.693 -93.8005
215.086500 65.278 -87.0781
216.645105 65.121 -77.6560
218.215005 65.273 -71.7133
219.796281 65.601 -71.4247
221.389015 65.906 -75.2859
222.993292 66.031 -81.3596
224.609193 65.908 -88.1357
226.236804 65.552 -94.5068
227.876209 65.051 -99.7665
229.527494 64.565 -103.7546
231.190745 64.264 -107.0172
232.866048 64.239 -110.6263
234.553491 64.433 -115.5656
236.253163 64.699 -122.1511
237.965150 64.913 -129.8940
239.689544 65.034 -137.5989
241.426433 65.116 -143.3042
243.175909 65.284 -144.3639
244.938062 65.663 -140.0425
246.712984 66.274 -136.4375
248.500768 67.025 -140.0835
250.301507 67.786 -150.5847
252.115295 68.465 -165.2418
253.942226 69.027 178.0308
255.782396 69.483 160.5785
257.635901 69.858 143.2533
259.502837 70.181 126.5520
261.383301 70.475 110.7010
263.277392 70.750 95.7500
265.185209 71.007 81.6565
267.106850 71.238 68.3348
269.042417 71.430 55.6898
270.992009 71.571 43.6461
272.955729 71.662 32.1456
274.933678 71.715 21.1121
276.925961 71.751 10.4082
278.932681 71.779 -0.1666
280.953942 71.781 -10.8257
282.989850 71.709 -21.7085
285.040511 71.510 -32.8060
287.106032 71.141 -43.9360
289.186521 70.576 -54.7216
291.282086 69.813 -64.4587
293.392836 68.870 -71.7076
295.518881 67.805 -73.1583
297.660333 66.729 -61.4261
299.817302 65.790 -34.6968
301.989902 65.122 -17.5924
304.178245 64.766 -14.4993
306.382446 64.657 -17.4625
308.602620 64.686 -22.6426
310.838882 64.759 -28.3873
313.091348 64.832 -33.5809
315.360137 64.926 -36.9088
317.645367 65.122 -36.6897
319.947156 65.511 -32.0896
322.265625 66.110 -26.0562
324.600895 66.828 -23.7185
326.953086 67.518 -26.5382
329.322323 68.049 -32.9806
331.708729 68.346 -41.2151
334.112427 68.387 -49.7874
336.533543 68.217 -57.5869
338.972204 67.945 -64.0009
341.428536 67.716 -69.2968
343.902668 67.621 -74.5986
346.394729 67.636 -80.9911
348.904848 67.666 -88.7042
351.433156 67.646 -97.2379
353.979786 67.594 -105.8813
356.544869 67.624 -114.0789
359.128540 67.906 -121.6875
361.730934 68.555 -129.1530
364.352185 69.540 -137.3773
366.992431 70.708 -147.1844
369.651810 71.898 -158.8800
372.330459 72.997 -172.3033
375.028519 73.935 172.9069
377.746130 74.659 157.1642
380.483434 75.129 140.9204
383.240574 75.315 124.6876
386.017693 75.207 109.0332
388.814937 74.818 94.5238
391.632450 74.197 81.6075
394.470380 73.433 70.4275
397.328875 72.647 60.6735
400.208084 71.945 51.7286
403.108157 71.368 43.0551
406.029245 70.881 34.4205
408.971500 70.400 25.9607
411.935076 69.843 18.2817
414.920127 69.184 12.6936
417.926810 68.493 11.6959
420.955280 67.964 19.3496
424.005695 67.839 36.4833
427.078215 68.216 51.2273
430.173000 68.955 55.8678
433.290211 69.813 53.5327
436.430010 70.605 47.6053
439.592562 71.227 39.8728
442.778031 71.633 31.2914
445.986583 71.807 22.4564
449.218386 71.751 13.7922
452.473607 71.475 5.6548
455.752418 71.000 -1.6238
459.054987 70.358 -7.7281
462.381489 69.590 -12.3070
465.732096 68.749 -14.8925
469.106983 67.915 -15.0468
472.506325 67.188 -12.9833
475.930301 66.646 -10.0396
479.379088 66.278 -7.7102
482.852867 66.011 -6.2839
486.351817 65.798 -4.9620
489.876123 65.669 -2.7461
493.425968 65.724 0.7407
497.001536 66.048 4.7269
500.603014 66.631 7.7666
504.230589 67.375 8.9027
507.884452 68.160 7.9999
511.564792 68.882 5.3307
515.271802 69.463 1.3419
519.005673 69.851 -3.2750
522.766602 70.036 -7.4299
526.554785 70.064 -9.4580
530.370418 70.035 -7.1257
534.213700 70.079 0.7910
538.084833 70.294 10.6831
541.984018 70.692 16.8212
545.911457 71.238 18.4115
549.867357 71.914 17.4899
553.851922 72.730 15.6754
557.865362 73.692 13.7526
561.907884 74.777 12.0242
565.979700 75.937 10.3523
570.081022 77.090 7.9435
574.212064 78.125 3.7125
578.373042 78.926 -2.8010
582.564171 79.415 -11.1229
586.785671 79.573 -20.2983
591.037762 79.438 -29.4358
595.320665 79.081 -37.9879
599.634604 78.584 -45.7588
603.979804 78.004 -52.7618
608.356491 77.360 -59.0101
612.764893 76.641 -64.3257
617.205240 75.841 -68.3220
621.677763 74.993 -70.6431
626.182696 74.178 -71.2932
630.720274 73.488 -70.7788
635.290733 72.981 -69.8120
639.894312 72.666 -68.8687
644.531250 72.524 -68.1436
649.201789 72.528 -67.8051
653.906173 72.642 -68.0417
658.644647 72.820 -68.9229
663.417457 73.020 -70.4092
668.224854 73.204 -72.3745
673.067086 73.346 -74.4956
677.944408 73.456 -76.2236
682.857073 73.596 -76.9722
687.805336 73.855 -76.5811
692.789457 74.282 -75.8438
697.809695 74.824 -76.2236
702.866312 75.354 -78.6479
707.959571 75.766 -82.9346
713.089738 76.024 -88.3333
718.257080 76.161 -94.2051
723.461867 76.237 -100.2900
728.704370 76.291 -106.6270
733.984862 76.331 -113.3638
739.303619 76.340 -120.6182
744.660918 76.289 -128.4414
750.057038 76.143 -136.8528
755.492260 75.855 -145.7676
760.966869 75.374 -154.7961
766.481148 74.682 -163.0571
772.035387 73.809 -168.6741
777.629873 72.843 -166.5955
783.264900 71.924 -142.5171
788.940760 71.203 -104.7900
794.657750 70.759 -92.6138
800.416168 70.563 -93.2417
806.216313 70.511 -97.7988
812.058489 70.481 -103.5215
817.943000 70.375 -109.2295
823.870152 70.143 -114.0110
829.840255 69.808 -116.8987
835.853619 69.462 -117.0305
841.910559 69.226 -114.2217
848.011390 69.188 -109.6270
854.156430 69.366 -104.8218
860.346000 69.753 -100.4272
866.580422 70.349 -96.9326
872.860020 71.120 -95.3765
879.185124 71.978 -96.3245
885.556062 72.830 -99.4902
891.973166 73.589 -104.3923
898.436771 74.172 -110.6592
904.947215 74.501 -117.8301
911.504835 74.534 -125.2114
918.109975 74.284 -132.0005
924.762978 73.814 -137.4976
931.464192 73.234 -141.3086
938.213966 72.673 -143.5332
945.012651 72.239 -144.8018
951.860602 71.965 -145.8232
958.758176 71.816 -146.8799
965.705733 71.748 -147.8970
972.703635 71.732 -148.8203
979.752246 71.757 -149.6514
986.851935 71.832 -150.3511
994.003071 71.971 -150.9023
1001.206027 72.194 -151.2307
1008.461179 72.542 -151.5342
1015.768904 73.039 -152.6226
1023.129584 73.638 -155.3276
1030.543603 74.231 -159.9888
1038.011347 74.698 -166.4800
1045.533205 74.943 -174.3311
1053.109569 74.915 177.1021
1060.740836 74.605 168.4690
1068.427401 74.034 160.3259
1076.169666 73.246 153.1187
1083.968035 72.290 147.3960
1091.822915 71.243 144.0588
1099.734713 70.253 144.3999
1107.703844 69.538 149.7485
1115.730723 69.274 159.7068
1123.815768 69.436 169.5820
1131.959400 69.794 174.1445
1140.162045 70.079 173.1274
1148.424129 70.126 169.0283
1156.746083 69.903 164.3662
1165.128342 69.492 161.0298
1173.571343 69.026 160.5142
1182.075524 68.651 163.9248
1190.641331 68.510 170.6821
1199.269209 68.706 178.1799
1207.959608 69.250 -175.6680
1216.712981 70.062 -171.9287
1225.529785 70.992 -171.6836
1234.410479 71.867 -175.3062
1243.355526 72.537 177.8906
1252.365393 72.924 169.0537
1261.440549 73.014 159.2637
1270.581467 72.833 149.2683
1279.788624 72.421 139.5483
1289.062500 71.849 130.3704
1298.403578 71.206 121.8003
1307.812346 70.585 113.9380
1317.289293 70.071 107.2952
1326.834914 69.731 103.5842
1336.449707 69.582 109.1108
1346.134173 69.610 141.2749
1355.888816 69.787 173.4067
1365.714145 70.076 177.9585
1375.610673 70.410 172.5044
1385.578915 70.694 163.9124
1395.619391 70.840 154.5000
1405.732624 70.770 145.5015
1415.919142 70.438 138.2087
1426.179476 69.874 134.1064
1436.514160 69.192 133.9937
1446.923734 68.522 137.1353
1457.408740 67.943 142.1482
1467.969724 67.500 148.3472
1478.607238 67.262 154.3735
1489.321836 67.288 158.0366
1500.114076 67.540 158.5249
1510.984521 67.894 156.5037
1521.933737 68.211 153.0498
1532.962297 68.403 149.4673
1544.070773 68.488 147.3164
1555.259747 68.588 148.0210
1566.529800 68.873 151.7058
1577.881521 69.451 156.0103
1589.315501 70.289 157.9885
1600.832336 71.256 156.6406
1612.432627 72.212 152.3765
1624.116978 73.064 146.0137
1635.886000 73.768 138.3496
1647.740304 74.304 129.9866
1659.680509 74.649 121.3965
1671.707238 74.782 113.1138
1683.821118 74.704 105.9526
1696.022780 74.472 100.8208
1708.312860 74.189 97.9417
1720.692000 73.939 96.1733
1733.160843 73.742 93.9106
1745.720041 73.586 90.6267
1758.370248 73.472 86.6235
1771.112124 73.422 82.1855
1783.946332 73.449 77.3752
1796.873543 73.542 72.1111
1809.894429 73.636 66.1697
1823.009670 73.627 59.4175
1836.219950 73.424 52.1296
1849.525956 73.006 44.8350
1862.928384 72.406 37.8477
1876.427931 71.659 31.3582
1890.025301 70.790 25.9224
1903.721204 69.843 22.8474
1917.516352 68.924 24.7419
1931.411466 68.225 35.1899
1945.407270 67.954 52.7952
1959.504493 68.156 66.7283
1973.703870 68.679 72.4805
1988.006142 69.300 72.8682
2002.412054 69.829 70.5762
2016.922357 70.166 67.5151
2031.537808 70.340 64.9839
2046.259169 70.479 63.0483
2061.087206 70.711 60.8496
2076.022694 71.068 57.6873
2091.066410 71.501 53.4463
2106.219139 71.941 48.4602
2121.481671 72.352 43.1184
2136.854802 72.716 37.5283
2152.339333 72.997 31.5425
2167.936071 73.139 25.2517
2183.645829 73.120 19.1702
2199.469427 73.002 13.8171
2215.407689 72.891 9.2598
2231.461446 72.865 5.1633
2247.631536 72.916 1.0979
2263.918800 72.964 -3.1777
2280.324089 72.927 -7.4250
2296.848258 72.783 -11.1389
2313.492167 72.559 -14.2036
2330.256685 72.295 -16.8110
2347.142685 72.049 -18.8535
2364.151049 71.916 -20.2522
2381.282662 71.975 -21.5850
2398.538418 72.192 -23.8376
2415.919216 72.433 -27.5181
2433.425962 72.555 -32.2590
2451.059570 72.498 -37.1409
2468.820958 72.304 -41.4619
2486.711052 72.053 -45.1218
2504.730786 71.826 -48.2461
2522.881098 71.697 -51.0205
2541.162934 71.725 -53.9087
2559.577248 71.918 -57.4629
2578.125000 72.219 -61.9692
2596.807157 72.535 -67.3994
2615.624692 72.760 -73.4084
2634.578586 72.817 -79.2305
2653.669829 72.699 -83.7056
2672.899414 72.480 -85.9714
2692.268345 72.284 -86.6846
2711.777632 72.188 -87.8616
2731.428290 72.167 -90.8276
2751.221345 72.137 -95.3059
2771.157829 72.034 -100.2251
2791.238781 71.865 -104.6101
2811.465248 71.699 -108.1252
2831.838284 71.607 -111.2637
2852.358952 71.595 -114.9871
2873.028321 71.610 -119.8687
2893.847468 71.571 -125.7979
2914.817480 71.411 -132.1484
2935.939449 71.101 -138.0835
2957.214476 70.669 -143.0298
2978.643672 70.175 -147.0227
3000.228152 69.679 -150.4087
3021.969041 69.217 -153.1230
3043.867475 68.818 -154.3887
3065.924593 68.551 -152.9839
3088.141547 68.525 -148.4495
3110.519493 68.803 -143.0522
3133.059600 69.312 -140.5208
3155.763041 69.896 -142.0427
3178.631001 70.420 -146.3650
3201.664672 70.828 -151.8457
3224.865254 71.136 -157.4009
3248.233957 71.388 -162.8562
3271.771999 71.611 -168.5667
3295.480608 71.814 -174.7095
3319.361019 71.993 178.7288
3343.414477 72.118 171.7822
3367.642236 72.152 164.6880
3392.045560 72.095 157.8997
3416.625721 71.984 151.5669
3441.383999 71.850 145.3145
3466.321686 71.698 138.8562
3491.440082 71.522 132.8389
3516.740496 71.352 128.9631
3542.224247 71.257 129.3057
3567.892664 71.278 133.9553
3593.747085 71.362 138.1196
3619.788858 71.371 137.3562
3646.019340 71.171 132.4329
3672.439900 70.729 125.9177
3699.051913 70.124 119.4956
3725.856768 69.492 113.7273
3752.855862 68.963 108.4578
3780.050603 68.611 103.2007
3807.442408 68.422 97.4607
3835.032705 68.324 91.0483
3862.822933 68.251 84.2263
3890.814540 68.174 77.4929
3919.008986 68.088 71.3982
3947.407741 67.992 66.9243
3976.012284 67.923 66.1826
4004.824108 67.951 72.1917
4033.844715 68.115 85.0105
4063.075616 68.379 95.8955
4092.518337 68.673 99.0403
4122.174412 68.957 97.1899
4152.045387 69.237 93.4265
4182.132820 69.531 88.9263
4212.438278 69.830 83.6194
4242.963342 70.084 77.3503
4273.709604 70.254 70.5847
4304.678665 70.340 63.8232
4335.872141 70.347 57.0503
4367.291658 70.254 50.0981
4398.938854 70.057 43.2529
4430.815378 69.814 36.9070
4462.922893 69.619 31.0723
4495.263072 69.547 25.5752
4527.837601 69.612 20.2104
4560.648179 69.757 14.6936
4593.696515 69.874 8.9902
4626.984334 69.880 3.7849
4660.513370 69.778 0.1440
4694.285371 69.657 -1.6255
4728.302098 69.628 -2.5635
4762.565324 69.751 -3.9458
4797.076835 70.003 -6.6438
4831.838432 70.275 -11.1853
4866.851925 70.436 -17.2532
4902.119140 70.421 -23.6719
4937.641916 70.267 -29.4604
4973.422105 70.049 -34.3958
5009.461572 69.825 -38.2007
5045.762195 69.643 -39.8999
5082.325868 69.571 -38.5613
5119.154496 69.664 -34.9951
5156.250000 69.927 -32.4263
5193.614313 70.304 -33.5959
5231.249383 70.721 -38.3882
5269.157173 71.133 -45.2261
5307.339658 71.523 -52.7002
5345.798829 71.891 -59.9668
5384.536691 72.236 -66.8354
5423.555263 72.536 -73.8516
5462.856580 72.735 -81.5796
5502.442691 72.796 -89.8538
5542.315659 72.747 -98.1504
5582.477563 72.659 -106.2183
5622.930497 72.595 -114.0747
5663.676569 72.584 -121.8525
5704.717904 72.618 -129.7849
5746.056642 72.646 -137.9250
5787.694937 72.630 -146.0320
5829.634960 72.565 -153.9080
5871.878898 72.460 -161.6470
5914.428953 72.307 -169.4478
5957.287343 72.081 -177.2402
6000.456303 71.774 175.6284
6043.938083 71.444 170.1196
6087.734950 71.199 166.9099
6131.849187 71.125 165.8025
6176.283094 71.225 165.3396
6221.038987 71.424 163.8875
6266.119200 71.637 161.0298
6311.526083 71.822 156.8025
6357.262002 71.963 151.0847
6403.329344 72.059 144.2908
6449.730508 72.132 137.1455
6496.467914 72.211 129.9700
6543.543998 72.303 122.5598
6590.961215 72.387 114.4397
6638.722037 72.423 105.4951
6686.828954 72.367 96.1807
6735.284473 72.185 87.1604
6784.091120 71.877 78.8740
6833.251441 71.480 71.2434
6882.767998 71.037 64.2012
6932.643372 70.594 58.0535
6982.880164 70.199 53.2068
7033.480992 69.885 49.9497
7084.448495 69.689 48.1758
7135.785329 69.652 47.5405
7187.494171 69.786 47.5137
7239.577717 70.050 46.9023
7292.038681 70.366 44.4573
7344.879799 70.655 39.9214
7398.103826 70.891 33.8811
7451.713536 71.095 26.6943
7505.711724 71.285 18.5398
7560.101205 71.443 9.6978
7614.884815 71.524 0.5134
7670.065409 71.507 -8.7500
7725.645865 71.402 -18.1160
7781.629080 71.233 -27.5986
7838.017972 71.022 -37.0164
7894.815481 70.779 -46.1104
7952.024569 70.516 -54.7407
8009.648217 70.246 -62.8604
8067.689429 69.974 -70.3975
8126.151233 69.706 -77.2068
8185.036674 69.456 -83.2180
8244.348824 69.259 -88.5605
8304.090774 69.163 -93.5403
8364.265639 69.206 -98.6829
8424.876556 69.370 -104.4644
8485.926684 69.598 -110.9968
8547.419207 69.834 -118.0891
8609.357330 70.045 -125.6587
8671.744282 70.193 -133.8323
8734.583316 70.231 -142.4985
8797.877707 70.151 -151.2114
8861.630756 69.991 -159.5833
8925.845785 69.792 -167.2654
8990.526143 69.577 -173.7651
9055.675202 69.380 -178.6050
9121.296357 69.257 178.1528
9187.393031 69.257 175.9780
9253.968668 69.405 173.8828
9321.026740 69.705 170.5947
9388.570742 70.131 165.2466
9456.604196 70.628 157.7676
9525.130648 71.143 148.4978
9594.153671 71.635 137.7791
9663.676863 72.079 125.9785
9733.703850 72.460 113.4043
9804.238280 72.753 100.2874
9875.283832 72.926 86.9336
9946.844210 72.961 73.7649
10018.923143 72.849 61.1624
10091.524390 72.591 49.4050
10164.651736 72.205 38.8413
10238.308993 71.734 29.7563
10312.500000 71.228 22.2507
10387.228626 70.748 16.1035
10462.498767 70.369 10.6069
10538.314345 70.147 4.7710
10614.679315 70.079 -1.9834
10691.597657 70.118 -9.8801
10769.073381 70.187 -18.9438
10847.110526 70.209 -28.8955
10925.713161 70.147 -39.3228
11004.885382 70.006 -49.8499
11084.631318 69.822 -60.0632
11164.955126 69.635 -69.6377
11245.860993 69.467 -78.2905
11327.353138 69.325 -85.7236
11409.435808 69.227 -91.9487
11492.113283 69.191 -97.5767
11575.389873 69.228 -103.6399
11659.269920 69.318 -110.9788
11743.757796 69.424 -119.7803
11828.857906 69.511 -129.7939
11914.574686 69.565 -140.6311
12000.912606 69.577 -151.8218
12087.876166 69.545 -162.9294
12175.469900 69.471 -173.5874
12263.698373 69.364 176.4539
12352.566187 69.246 167.2021
12442.077974 69.158 158.4944
12532.238400 69.147 149.9497
12623.052165 69.229 141.0007
12714.524005 69.364 131.1924
12806.658687 69.495 120.3601
12899.461015 69.581 108.6965
12992.935827 69.612 96.6140
13087.087996 69.600 84.6475
13181.922430 69.577 73.4473
13277.444074 69.601 63.5955
13373.657907 69.739 55.2932
13470.568945 70.023 47.9915
13568.182241 70.430 40.3823
13666.502883 70.894 31.1079
13765.535996 71.339 19.5391
13865.286744 71.702 5.9133
13965.760328 71.934 -9.1465
14066.961984 72.009 -24.9641
14168.896989 71.921 -40.9141
14271.570658 71.677 -56.4197
14374.988342 71.304 -70.9302
14479.155433 70.860 -84.0112
14584.077362 70.430 -95.5190
14689.759598 70.104 -105.9062
14796.207652 69.912 -116.0981
14903.427072 69.814 -126.9749
15011.423448 69.743 -138.9487
15120.202410 69.642 -152.0088
15229.769630 69.475 -165.8721
15340.130819 69.224 179.8687
15451.291730 68.899 165.6196
15563.258160 68.525 151.6873
15676.035944 68.129 138.2329
15789.630962 67.729 125.2373
15904.049137 67.329 112.5505
16019.296433 66.922 100.0686
16135.378859 66.507 87.9146
16252.302465 66.099 76.5032
16370.073348 65.753 66.4954
16488.697648 65.568 58.4561
16608.181548 65.651 52.1233
16728.531278 66.031 45.8877
16849.753112 66.623 37.6631
16971.853368 67.285 26.4004
17094.838414 67.891 12.3486
17218.714660 68.371 -3.6631
17343.488565 68.708 -20.8066
17469.166632 68.919 -38.4922
17595.755415 69.033 -56.4268
17723.261512 69.065 -74.5586
17851.691571 69.016 -92.9268
17981.052287 68.868 -111.5332
18111.350404 68.606 -130.2764
18242.592715 68.217 -148.9507
18374.786062 67.698 -167.2598
18507.937336 67.070 175.1318
18642.053479 66.376 158.4736
18777.141484 65.682 142.7471
18913.208391 65.052 127.5293
19050.261296 64.531 112.0947
19188.307342 64.113 95.8008
19327.353727 63.753 78.3926
19467.407699 63.405 60.0103
19608.476560 63.053 41.0352
19750.567664 62.728 21.9287
19893.688419 62.476 3.1465
20037.846286 62.341 -14.8931
