* Measurement data measured by REW V5.31.3
* Source: Umik-1  Gain: 18dB, , L, volume: no control. Timing signal peak level -41.2 dBFS, measurement signal peak level -33.4 dBFS
* Format: 512k Log Swept Sine, 1 sweep at -12.0 dBFS using an acoustic timing reference
* Dated: Jul 7, 2026 3:58:27 PM
* REW Settings:
*  C-weighting compensation: Off
*  Target level: 75.0 dB
* Note: droite 10 gauche 11 Delay 0.1069 ms (37 mm, 1.44 in) using estimated IR delay relative to Acoustic reference played from  R with no timing offset
* Measurement: L retour sans eq Jul 7
* Smoothing: 1/12 octave
* Frequency Step: 96 ppo
* Start Frequency: 20.141602 Hz
*
* Freq(Hz) SPL(dB) Phase(degrees)
20.141602 46.118 -153.5039
20.287556 45.946 -154.3558
20.434568 45.710 -155.2697
20.582645 45.467 -155.6721
20.731796 45.268 -155.0684
20.882027 45.150 -153.2059
21.033346 45.124 -150.1551
21.185763 45.176 -146.2929
21.339284 45.274 -142.1750
21.493917 45.381 -138.3712
21.649671 45.467 -135.3590
21.806553 45.520 -133.4815
21.964572 45.547 -132.9613
22.123737 45.581 -133.8945
22.284054 45.665 -136.1929
22.445534 45.843 -139.5118
22.608183 46.133 -143.2413
22.772012 46.517 -146.6435
22.937027 46.946 -149.0757
23.103238 47.358 -150.1126
23.270654 47.699 -149.5228
23.439282 47.938 -147.1614
23.609133 48.063 -142.8872
23.780215 48.091 -136.5723
23.952536 48.055 -128.2384
24.126106 47.995 -118.3211
24.300934 47.935 -107.8332
24.477028 47.870 -98.0797
24.654399 47.763 -90.0672
24.833055 47.562 -84.1823
25.013005 47.218 -80.3296
25.194260 46.718 -78.1363
25.376828 46.117 -76.9777
25.560719 45.583 -75.7298
25.745942 45.426 -72.3065
25.932508 45.954 -64.1615
26.120426 47.194 -52.4605
26.309705 48.874 -43.6244
26.500356 50.688 -40.3162
26.692388 52.442 -40.7436
26.885812 54.039 -43.0779
27.080638 55.431 -46.3691
27.276876 56.603 -50.2117
27.474535 57.554 -54.4507
27.673627 58.295 -59.0366
27.874161 58.847 -63.9508
28.076149 59.233 -69.1684
28.279600 59.482 -74.6288
28.484526 59.622 -80.2235
28.690937 59.677 -85.7935
28.898843 59.663 -91.1480
29.108256 59.588 -96.0863
29.319186 59.449 -100.4114
29.531645 59.241 -103.9114
29.745644 58.969 -106.3045
29.961193 58.668 -107.1578
30.178304 58.432 -105.8318
30.396989 58.426 -101.6311
30.617258 58.834 -94.5066
30.839123 59.722 -86.1164
31.062596 60.968 -79.2998
31.287688 62.367 -75.7727
31.514412 63.746 -75.4550
31.742778 65.001 -77.5270
31.972800 66.082 -81.1945
32.204488 66.969 -85.8799
32.437855 67.659 -91.1893
32.672913 68.161 -96.8425
32.909674 68.487 -102.6167
33.148151 68.660 -108.3092
33.388356 68.706 -113.7303
33.630302 68.656 -118.7103
33.874001 68.548 -123.1224
34.119466 68.417 -126.9135
34.366710 68.300 -130.1191
34.615745 68.219 -132.8549
34.866585 68.183 -135.2739
35.119243 68.184 -137.5109
35.373731 68.205 -139.6360
35.630064 68.226 -141.6389
35.888254 68.233 -143.4469
36.148315 68.222 -144.9633
36.410261 68.200 -146.1098
36.674104 68.186 -146.8608
36.939860 68.201 -147.2571
37.207542 68.266 -147.3983
37.477163 68.394 -147.4115
37.748738 68.587 -147.4145
38.022281 68.836 -147.4884
38.297806 69.125 -147.6720
38.575327 69.440 -147.9741
38.854860 69.769 -148.3933
39.136419 70.106 -148.9301
39.420017 70.454 -149.5900
39.705671 70.818 -150.3805
39.993395 71.208 -151.3064
40.283203 71.629 -152.3714
40.575112 72.084 -153.5831
40.869136 72.564 -154.9606
41.165290 73.060 -156.5376
41.463591 73.554 -158.3571
41.764053 74.031 -160.4604
42.066693 74.479 -162.8722
42.371525 74.886 -165.5875
42.678567 75.246 -168.5646
42.987834 75.554 -171.7266
43.299341 75.810 -174.9708
43.613106 76.013 -178.1847
43.929145 76.170 178.7372
44.247473 76.293 175.8752
44.568109 76.398 173.2701
44.891068 76.505 170.9124
45.216367 76.632 168.7401
45.544023 76.787 166.6512
45.874054 76.965 164.5331
46.206476 77.150 162.3000
46.541307 77.320 159.9258
46.878565 77.455 157.4586
47.218266 77.546 155.0131
47.560429 77.594 152.7424
47.905072 77.613 150.7946
48.252212 77.627 149.2657
48.601867 77.664 148.1633
48.954056 77.747 147.3990
49.308798 77.891 146.8189
49.666109 78.097 146.2592
50.026010 78.356 145.5958
50.388520 78.660 144.7642
50.753656 78.996 143.7471
51.121437 79.357 142.5486
51.491884 79.739 141.1727
51.865016 80.141 139.6155
52.240851 80.560 137.8667
52.619410 80.998 135.9112
53.000712 81.454 133.7288
53.384777 81.924 131.2916
53.771625 82.402 128.5665
54.161276 82.877 125.5234
54.553751 83.332 122.1480
54.949070 83.751 118.4534
55.347254 84.122 114.4878
55.748323 84.436 110.3353
56.152298 84.693 106.1106
56.559201 84.905 101.9446
56.969052 85.090 97.9593
57.381873 85.277 94.2329
57.797686 85.498 90.7635
58.216512 85.780 87.4470
58.638373 86.137 84.0878
59.063291 86.564 80.4471
59.491288 87.036 76.3134
59.922386 87.518 71.5586
60.356608 87.977 66.1548
60.793977 88.389 60.1501
61.234515 88.738 53.6271
61.678246 89.015 46.6659
62.125192 89.211 39.3285
62.575377 89.316 31.6683
63.028824 89.315 23.7538
63.485557 89.192 15.6885
63.945599 88.932 7.6166
64.408975 88.527 -0.2882
64.875709 87.977 -7.8415
65.345825 87.294 -14.8694
65.819348 86.500 -21.2308
66.296302 85.621 -26.8362
66.776713 84.687 -31.6604
67.260604 83.726 -35.7379
67.748002 82.761 -39.1356
68.238932 81.807 -41.9071
68.733420 80.867 -44.0372
69.231490 79.945 -45.4138
69.733170 79.054 -45.8671
70.238485 78.240 -45.3099
70.747463 77.570 -43.9326
71.260128 77.111 -42.2810
71.776508 76.879 -41.0630
72.296630 76.828 -40.8176
72.820521 76.879 -41.7501
73.348209 76.951 -43.7906
73.879720 76.980 -46.7188
74.415083 76.925 -50.2466
74.954326 76.766 -54.0630
75.497475 76.504 -57.8630
76.044561 76.160 -61.3811
76.595612 75.779 -64.4406
77.150655 75.423 -67.0178
77.709720 75.159 -69.3017
78.272837 75.034 -71.6763
78.840034 75.051 -74.5926
79.411342 75.178 -78.4036
79.986789 75.365 -83.2993
80.566406 75.567 -89.3583
81.150224 75.747 -96.6188
81.738272 75.879 -105.0858
82.330581 75.940 -114.6993
82.927182 75.911 -125.3486
83.528107 75.778 -136.9503
84.133386 75.535 -149.5214
84.743051 75.180 -163.1875
85.357134 74.716 -178.1300
85.975667 74.145 165.5098
86.598682 73.474 147.7219
87.226212 72.715 128.6097
87.858289 71.899 108.2663
88.494946 71.079 86.7134
89.136217 70.321 63.9442
89.782135 69.684 39.7583
90.432733 69.195 13.2072
91.088046 68.840 -18.6511
91.748108 68.579 -63.1369
92.412952 68.376 -121.0904
93.082615 68.211 -166.1689
93.757130 68.079 164.7449
94.436533 67.987 143.4824
95.120859 67.944 126.2836
95.810144 67.959 111.6145
96.504423 68.033 98.7710
97.203734 68.147 87.3585
97.908112 68.266 77.0764
98.617595 68.345 67.6831
99.332219 68.341 59.0359
100.052021 68.227 51.1063
100.777039 67.992 43.9648
101.507311 67.641 37.7540
102.242875 67.188 32.6510
102.983769 66.659 28.8416
103.730032 66.100 26.5100
104.481702 65.584 25.7789
105.238820 65.207 26.5339
106.001424 65.057 28.2365
106.769554 65.160 29.9899
107.543250 65.451 30.9467
108.322553 65.822 30.6981
109.107503 66.173 29.3115
109.898141 66.456 27.1019
110.694508 66.668 24.3967
111.496646 66.838 21.4204
112.304596 67.009 18.2817
113.118402 67.213 14.9767
113.938104 67.468 11.3901
114.763747 67.762 7.3241
115.595372 68.060 2.5651
116.433024 68.311 -3.0402
117.276746 68.462 -9.5426
118.126581 68.468 -16.9131
118.982575 68.304 -25.0917
119.844772 67.961 -34.0220
120.713217 67.446 -43.7070
121.587954 66.783 -54.3397
122.469031 66.022 -66.5066
123.356492 65.251 -81.6732
124.250384 64.612 -103.7900
125.150753 64.294 -142.3442
126.057647 64.449 166.7484
126.971113 65.074 133.4874
127.891198 66.022 114.0444
128.817950 67.115 100.1283
129.751418 68.221 88.4973
130.691651 69.259 77.8477
131.638696 70.187 67.5889
132.592604 70.986 57.4385
133.553425 71.655 47.2645
134.521208 72.203 37.0051
135.496004 72.637 26.6185
136.477864 72.959 16.0675
137.466839 73.166 5.3053
138.462981 73.250 -5.7554
139.466340 73.211 -17.2373
140.476971 73.056 -29.2579
141.494925 72.793 -41.9390
142.520256 72.432 -55.4392
143.553016 71.979 -69.9513
144.593260 71.436 -85.6604
145.641043 70.807 -102.6364
146.696418 70.114 -120.6398
147.759441 69.422 -138.9059
148.830166 68.877 -156.1564
149.908651 68.699 -171.1144
150.994951 69.073 176.7201
152.089123 69.989 166.8003
153.191223 71.251 158.0341
154.301310 72.641 149.4849
155.419441 74.016 140.6597
156.545674 75.306 131.4132
157.680069 76.479 121.7676
158.822683 77.520 111.7946
159.973578 78.416 101.5677
161.132813 79.152 91.1631
162.300447 79.722 80.6763
163.476543 80.124 70.2262
164.661162 80.364 59.9419
165.854364 80.456 49.9475
167.056213 80.418 40.3490
168.266772 80.272 31.2181
169.486102 80.041 22.5774
170.714268 79.746 14.3994
171.951334 79.401 6.6237
173.197364 79.013 -0.8156
174.452424 78.577 -7.9590
175.716578 78.078 -14.7917
176.989893 77.499 -21.2209
178.272434 76.827 -27.0756
179.564270 76.066 -32.1765
180.865467 75.244 -36.4561
182.176092 74.405 -40.0426
183.496216 73.586 -43.2014
184.825905 72.803 -46.1488
186.165229 72.055 -48.8964
187.514259 71.340 -51.1621
188.873065 70.685 -52.1990
190.241717 70.170 -50.3663
191.620287 69.946 -42.6775
193.008847 70.164 -27.2463
194.407468 70.833 -11.3159
195.816225 71.781 -3.9633
197.235190 72.795 -4.4906
198.664438 73.734 -9.6133
200.104042 74.541 -17.2610
201.554078 75.199 -26.4091
203.014622 75.698 -36.6005
204.485750 76.023 -47.5836
205.967538 76.160 -59.0317
207.460064 76.120 -70.2971
208.963405 75.948 -79.8633
210.477640 75.715 -82.6484
212.002848 75.492 -52.2271
213.539108 75.308 -0.3293
215.086500 75.148 3.7325
216.645105 74.975 -3.5345
218.215005 74.767 -13.1913
219.796281 74.527 -23.1879
221.389015 74.267 -32.9398
222.993292 73.989 -42.3298
224.609193 73.673 -51.3853
226.236804 73.278 -60.1117
227.876209 72.756 -68.3921
229.527494 72.067 -75.9448
231.190745 71.198 -82.3345
232.866048 70.170 -87.0002
234.553491 69.042 -89.3491
236.253163 67.923 -89.1282
237.965150 66.954 -87.0852
239.689544 66.241 -85.0159
241.426433 65.770 -84.4915
243.175909 65.420 -85.8484
244.938062 65.061 -88.5259
246.712984 64.617 -91.7847
248.500768 64.073 -95.1116
250.301507 63.453 -98.3254
252.115295 62.787 -101.4902
253.942226 62.102 -104.7559
255.782396 61.420 -108.2896
257.635901 60.761 -112.2988
259.502837 60.134 -117.0015
261.383301 59.528 -122.4482
263.277392 58.915 -128.2300
265.185209 58.271 -133.0352
267.106850 57.605 -133.1099
269.042417 56.952 -113.0054
270.992009 56.375 -49.8101
272.955729 55.964 -23.4435
274.933678 55.857 -14.1083
276.925961 56.178 -7.6375
278.932681 56.959 -2.5322
280.953942 58.134 2.6121
282.989850 59.614 11.5491
285.040511 61.296 27.0452
287.106032 63.049 42.5999
289.186521 64.734 49.3641
291.282086 66.237 47.6300
293.392836 67.482 40.5226
295.518881 68.422 30.3507
297.660333 69.034 18.6418
299.817302 69.312 6.4601
301.989902 69.262 -5.3673
304.178245 68.898 -16.0841
306.382446 68.260 -24.9207
308.602620 67.431 -31.1506
310.838882 66.561 -34.3824
313.091348 65.862 -35.1129
315.360137 65.525 -35.0181
317.645367 65.584 -36.0563
319.947156 65.889 -39.1866
322.265625 66.242 -44.2734
324.600895 66.508 -50.6849
326.953086 66.642 -57.7144
329.322323 66.677 -64.8002
331.708729 66.703 -71.7051
334.112427 66.809 -78.6313
336.533543 67.021 -86.1191
338.972204 67.281 -94.6802
341.428536 67.496 -104.4839
343.902668 67.596 -115.3447
346.394729 67.568 -126.8801
348.904848 67.462 -138.6953
351.433156 67.385 -150.5869
353.979786 67.452 -162.6865
356.544869 67.714 -175.4126
359.128540 68.116 170.7764
361.730934 68.555 155.6753
364.352185 68.943 139.4297
366.992431 69.242 122.4341
369.651810 69.462 105.2686
372.330459 69.657 89.0178
375.028519 69.916 78.4631
377.746130 70.336 -173.2041
380.483434 70.970 -160.3772
383.240574 71.788 -173.6436
386.017693 72.695 171.1338
388.814937 73.574 155.6016
391.632450 74.313 140.1265
394.470380 74.820 124.9209
397.328875 75.023 110.3579
400.208084 74.887 97.1104
403.108157 74.425 86.1055
406.029245 73.712 78.2832
408.971500 72.890 74.0156
411.935076 72.146 72.2771
414.920127 71.633 70.8608
417.926810 71.370 68.1440
420.955280 71.259 64.0042
424.005695 71.195 59.1257
427.078215 71.136 54.1987
430.173000 71.100 49.5986
433.290211 71.127 45.3525
436.430010 71.242 41.2056
439.592562 71.427 36.7788
442.778031 71.630 31.8049
445.986583 71.796 26.2234
449.218386 71.881 20.1145
452.473607 71.860 13.6099
455.752418 71.714 6.8584
459.054987 71.425 0.0627
462.381489 70.981 -6.4097
465.732096 70.387 -11.8374
469.106983 69.691 -14.8022
472.506325 69.011 -12.5320
475.930301 68.530 -1.0037
479.379088 68.402 17.5579
482.852867 68.609 30.0811
486.351817 68.978 33.0190
489.876123 69.322 30.5134
493.425968 69.530 25.7986
497.001536 69.575 20.7820
500.603014 69.495 16.9014
504.230589 69.378 15.7542
507.884452 69.359 19.2134
511.564792 69.569 27.6333
515.271802 70.038 36.7300
519.005673 70.659 41.3845
522.766602 71.275 41.2478
526.554785 71.786 38.3906
530.370418 72.192 34.6536
534.213700 72.567 31.0640
538.084833 73.004 27.8899
541.984018 73.550 24.8875
545.911457 74.187 21.5896
549.867357 74.846 17.5713
553.851922 75.445 12.6799
557.865362 75.934 7.1023
561.907884 76.310 1.2185
565.979700 76.618 -4.6528
570.081022 76.914 -10.5115
574.212064 77.208 -16.7048
578.373042 77.437 -23.6042
582.564171 77.502 -31.2300
586.785671 77.325 -39.1487
591.037762 76.881 -46.6609
595.320665 76.189 -53.0137
599.634604 75.309 -57.5293
603.979804 74.334 -59.9370
608.356491 73.378 -60.8704
612.764893 72.516 -61.6416
617.205240 71.744 -63.1147
621.677763 70.999 -65.1411
626.182696 70.215 -66.8301
630.720274 69.374 -66.8523
635.290733 68.523 -63.6699
639.894312 67.772 -56.4631
644.531250 67.258 -46.8586
649.201789 67.077 -37.9587
653.906173 67.275 -31.0649
658.644647 67.848 -25.8833
663.417457 68.737 -22.1548
668.224854 69.829 -20.0115
673.067086 70.987 -19.8015
677.944408 72.078 -21.8940
682.857073 72.991 -26.3855
687.805336 73.653 -32.8811
692.789457 74.031 -40.6758
697.809695 74.121 -49.0688
702.866312 73.943 -57.4802
707.959571 73.531 -65.4717
713.089738 72.943 -72.7830
718.257080 72.251 -79.3489
723.461867 71.523 -85.1987
728.704370 70.799 -90.1082
733.984862 70.111 -92.9441
739.303619 69.520 -90.6653
744.660918 69.141 -77.9155
750.057038 69.074 -56.8184
755.492260 69.310 -44.1052
760.966869 69.710 -42.6157
766.481148 70.099 -47.0391
772.035387 70.344 -54.0283
777.629873 70.376 -61.6677
783.264900 70.209 -68.3396
788.940760 69.950 -72.1389
794.657750 69.798 -70.6838
800.416168 69.960 -61.5686
806.216313 70.520 -42.5813
812.058489 71.384 -12.8843
817.943000 72.380 12.1133
823.870152 73.352 20.1558
829.840255 74.189 17.5571
835.853619 74.831 10.2349
841.910559 75.281 1.2029
848.011390 75.587 -8.0967
854.156430 75.805 -17.1228
860.346000 75.952 -25.7822
866.580422 75.994 -34.0312
872.860020 75.891 -41.6433
879.185124 75.643 -48.2627
885.556062 75.299 -53.6909
891.973166 74.926 -58.0713
898.436771 74.561 -61.8003
904.947215 74.207 -65.1084
911.504835 73.865 -67.8872
918.109975 73.568 -69.9646
924.762978 73.373 -71.3425
931.464192 73.328 -72.2456
938.213966 73.440 -73.1926
945.012651 73.646 -74.8564
951.860602 73.832 -77.5505
958.758176 73.905 -80.9160
965.705733 73.848 -84.1675
972.703635 73.729 -86.5505
979.752246 73.668 -87.7310
986.851935 73.771 -87.9995
994.003071 74.056 -88.2278
1001.206027 74.430 -89.5928
1008.461179 74.731 -92.7937
1015.768904 74.820 -97.4907
1023.129584 74.634 -102.6438
1030.543603 74.192 -107.0986
1038.011347 73.573 -109.8618
1045.533205 72.920 -110.3276
1053.109569 72.412 -108.7529
1060.740836 72.187 -106.4712
1068.427401 72.251 -105.1191
1076.169666 72.484 -105.5444
1083.968035 72.751 -107.5764
1091.822915 72.984 -110.6038
1099.734713 73.180 -114.1367
1107.703844 73.358 -117.9946
1115.730723 73.527 -122.2104
1123.815768 73.667 -126.8625
1131.959400 73.739 -131.9468
1140.162045 73.688 -137.3035
1148.424129 73.468 -142.4880
1156.746083 73.086 -146.8381
1165.128342 72.633 -149.9111
1173.571343 72.253 -151.9836
1182.075524 72.054 -154.0723
1190.641331 72.021 -157.2766
1199.269209 72.019 -162.1277
1207.959608 71.880 -168.4253
1216.712981 71.496 -175.4395
1225.529785 70.848 177.6809
1234.410479 69.986 171.6826
1243.355526 68.983 167.4448
1252.365393 67.920 166.4346
1261.440549 66.894 170.9612
1270.581467 66.042 -178.1804
1279.788624 65.515 -166.2578
1289.062500 65.358 -159.7754
1298.403578 65.444 -159.5405
1307.812346 65.576 -163.5520
1317.289293 65.639 -169.3086
1326.834914 65.638 -172.8740
1336.449707 65.664 -144.1521
1346.134173 65.853 -43.9297
1355.888816 66.312 -39.8899
1365.714145 67.069 -42.0024
1375.610673 68.058 -44.9382
1385.578915 69.153 -48.8567
1395.619391 70.220 -54.2964
1405.732624 71.163 -61.2244
1415.919142 71.945 -69.0554
1426.179476 72.573 -77.1467
1436.514160 73.069 -85.0466
1446.923734 73.461 -92.4312
1457.408740 73.790 -99.0146
1467.969724 74.105 -104.6802
1478.607238 74.424 -109.6130
1489.321836 74.717 -114.3923
1500.114076 74.908 -119.6169
1510.984521 74.939 -125.2363
1521.933737 74.823 -130.7310
1532.962297 74.634 -135.7341
1544.070773 74.449 -140.2632
1555.259747 74.309 -144.6155
1566.529800 74.198 -149.1519
1577.881521 74.063 -153.9492
1589.315501 73.867 -158.7190
1600.832336 73.626 -163.0911
1612.432627 73.400 -167.0500
1624.116978 73.227 -171.0676
1635.886000 73.071 -175.7039
1647.740304 72.850 178.9314
1659.680509 72.511 173.1702
1671.707238 72.055 167.4136
1683.821118 71.524 161.9695
1696.022780 70.985 157.1482
1708.312860 70.524 153.6128
1720.692000 70.227 153.3577
1733.160843 70.174 162.1841
1745.720041 70.395 -170.1680
1758.370248 70.848 -142.9182
1771.112124 71.414 -135.2656
1783.946332 71.950 -137.3833
1796.873543 72.379 -142.9988
1809.894429 72.715 -149.6377
1823.009670 73.000 -156.4878
1836.219950 73.235 -163.3464
1849.525956 73.383 -169.9375
1862.928384 73.432 -175.6694
1876.427931 73.426 -179.8352
1890.025301 73.418 178.0918
1903.721204 73.436 177.8835
1917.516352 73.461 177.9050
1931.411466 73.436 176.3547
1945.407270 73.310 173.0127
1959.504493 73.079 168.6694
1973.703870 72.766 164.1326
1988.006142 72.410 160.0522
2002.412054 72.063 156.9453
2016.922357 71.798 155.0996
2031.537808 71.680 154.4622
2046.259169 71.749 154.6511
2061.087206 71.996 154.9465
2076.022694 72.361 154.5667
2091.066410 72.761 153.1833
2106.219139 73.134 150.8425
2121.481671 73.449 147.5923
2136.854802 73.682 143.3374
2152.339333 73.794 138.2166
2167.936071 73.764 132.6958
2183.645829 73.596 127.3093
2199.469427 73.331 122.3364
2215.407689 73.009 117.5779
2231.461446 72.627 112.7727
2247.631536 72.164 108.1555
2263.918800 71.631 104.5344
2280.324089 71.105 103.3284
2296.848258 70.721 106.8430
2313.492167 70.612 118.0708
2330.256685 70.816 135.1387
2347.142685 71.259 147.4939
2364.151049 71.830 151.3408
2381.282662 72.447 150.0046
2398.538418 73.074 146.2483
2415.919216 73.698 141.3896
2433.425962 74.310 135.8953
2451.059570 74.880 129.8464
2468.820958 75.366 123.3159
2486.711052 75.738 116.4795
2504.730786 75.985 109.5735
2522.881098 76.115 102.8386
2541.162934 76.159 96.4482
2559.577248 76.163 90.4092
2578.125000 76.164 84.5725
2596.807157 76.179 78.6670
2615.624692 76.186 72.4348
2634.578586 76.147 65.8318
2653.669829 76.032 58.9880
2672.899414 75.828 52.0737
2692.268345 75.521 45.2720
2711.777632 75.092 38.8423
2731.428290 74.535 33.1370
2751.221345 73.887 28.3833
2771.157829 73.202 24.6411
2791.238781 72.535 22.0645
2811.465248 71.937 21.2593
2831.838284 71.453 23.1729
2852.358952 71.102 28.4312
2873.028321 70.876 36.6113
2893.847468 70.792 46.1167
2914.817480 70.925 54.6428
2935.939449 71.358 60.5120
2957.214476 72.087 62.8540
2978.643672 72.993 61.4597
3000.228152 73.906 56.8240
3021.969041 74.676 49.7441
3043.867475 75.204 41.0603
3065.924593 75.450 31.6941
3088.141547 75.402 22.5901
3110.519493 75.066 14.7141
3133.059600 74.485 8.9158
3155.763041 73.757 5.3940
3178.631001 72.995 3.5808
3201.664672 72.310 2.7000
3224.865254 71.800 1.9473
3248.233957 71.509 0.4399
3271.771999 71.379 -2.3997
3295.480608 71.274 -6.4070
3319.361019 71.082 -10.6133
3343.414477 70.778 -13.6492
3367.642236 70.422 -14.3784
3392.045560 70.103 -12.4646
3416.625721 69.873 -8.5947
3441.383999 69.728 -4.7134
3466.321686 69.630 -2.6125
3491.440082 69.568 -1.9124
3516.740496 69.600 -0.9094
3542.224247 69.827 1.4465
3567.892664 70.303 4.2405
3593.747085 70.967 5.3118
3619.788858 71.683 3.4600
3646.019340 72.342 -0.9961
3672.439900 72.900 -7.1953
3699.051913 73.342 -14.5720
3725.856768 73.644 -22.9109
3752.855862 73.766 -32.0046
3780.050603 73.680 -41.4424
3807.442408 73.383 -50.6753
3835.032705 72.898 -59.1240
3862.822933 72.259 -65.9749
3890.814540 71.522 -69.5234
3919.008986 70.805 -65.8577
3947.407741 70.314 -49.9878
3976.012284 70.258 -29.9495
4004.824108 70.674 -20.9106
4033.844715 71.389 -21.4805
4063.075616 72.155 -27.1816
4092.518337 72.774 -35.6389
4122.174412 73.132 -45.4780
4152.045387 73.181 -55.6658
4182.132820 72.916 -65.2510
4212.438278 72.370 -73.1594
4242.963342 71.635 -78.0999
4273.709604 70.868 -78.8062
4304.678665 70.270 -75.2188
4335.872141 69.986 -70.0510
4367.291658 70.016 -67.0081
4398.938854 70.246 -67.3916
4430.815378 70.552 -70.7363
4462.922893 70.810 -76.2380
4495.263072 70.928 -82.8843
4527.837601 70.872 -89.5046
4560.648179 70.682 -94.9409
4593.696515 70.437 -98.2500
4626.984334 70.203 -98.6270
4660.513370 70.036 -95.8579
4694.285371 69.988 -91.5012
4728.302098 70.090 -88.2451
4762.565324 70.303 -87.8291
4797.076835 70.521 -90.2056
4831.838432 70.644 -93.8750
4866.851925 70.655 -96.5344
4902.119140 70.642 -95.8516
4937.641916 70.727 -91.2075
4973.422105 70.976 -85.7588
5009.461572 71.359 -83.6731
5045.762195 71.791 -85.9272
5082.325868 72.191 -91.4587
5119.154496 72.508 -98.9336
5156.250000 72.717 -107.2493
5193.614313 72.811 -115.4177
5231.249383 72.824 -122.2500
5269.157173 72.847 -126.2029
5307.339658 72.983 -125.3313
5345.798829 73.282 -118.2751
5384.536691 73.746 -109.0713
5423.555263 74.338 -105.5610
5462.856580 74.964 -109.1755
5502.442691 75.496 -117.3691
5542.315659 75.822 -127.8213
5582.477563 75.878 -138.8484
5622.930497 75.659 -149.0808
5663.676569 75.217 -157.1975
5704.717904 74.668 -161.9329
5746.056642 74.188 -162.6726
5787.694937 73.934 -160.3271
5829.634960 73.936 -157.4988
5871.878898 74.080 -157.1765
5914.428953 74.187 -160.5461
5957.287343 74.109 -166.4487
6000.456303 73.805 -172.7026
6043.938083 73.369 -177.4036
6087.734950 72.991 -179.5938
6131.849187 72.841 -179.7910
6176.283094 72.933 -179.9641
6221.038987 73.112 178.2732
6266.119200 73.188 175.1970
6311.526083 73.087 172.0952
6357.262002 72.883 169.5669
6403.329344 72.702 167.4563
6449.730508 72.649 165.5745
6496.467914 72.774 163.3826
6543.543998 73.037 159.9036
6590.961215 73.338 154.7034
6638.722037 73.574 148.2341
6686.828954 73.662 141.4316
6735.284473 73.559 135.5649
6784.091120 73.288 131.6074
6833.251441 72.927 129.1650
6882.767998 72.568 126.6890
6932.643372 72.287 123.0662
6982.880164 72.115 118.1238
7033.480992 72.019 112.2883
7084.448495 71.945 106.4607
7135.785329 71.871 102.0278
7187.494171 71.820 100.6321
7239.577717 71.818 102.9744
7292.038681 71.854 106.3933
7344.879799 71.870 106.8586
7398.103826 71.807 103.8687
7451.713536 71.675 99.3005
7505.711724 71.531 94.7688
7560.101205 71.426 91.1201
7614.884815 71.367 88.7302
7670.065409 71.341 87.4873
7725.645865 71.337 86.8213
7781.629080 71.371 85.8030
7838.017972 71.459 83.9038
7894.815481 71.603 81.2283
7952.024569 71.780 77.8413
8009.648217 71.950 73.8103
8067.689429 72.080 69.5344
8126.151233 72.165 65.4612
8185.036674 72.212 61.7539
8244.348824 72.215 58.0728
8304.090774 72.150 54.1030
8364.265639 72.017 49.9414
8424.876556 71.850 45.5730
8485.926684 71.668 41.0093
8547.419207 71.490 36.7642
8609.357330 71.366 33.4087
8671.744282 71.357 30.7925
8734.583316 71.461 28.1045
8797.877707 71.607 24.7209
8861.630756 71.713 20.6343
8925.845785 71.730 16.2795
8990.526143 71.648 12.4397
9055.675202 71.516 9.7764
9121.296357 71.406 8.0193
9187.393031 71.362 6.1831
9253.968668 71.388 3.5791
9321.026740 71.475 0.1934
9388.570742 71.620 -3.7595
9456.604196 71.823 -8.0713
9525.130648 72.093 -12.5566
9594.153671 72.426 -17.3064
9663.676863 72.780 -22.6233
9733.703850 73.094 -28.6230
9804.238280 73.320 -35.1841
9875.283832 73.420 -42.0974
9946.844210 73.377 -48.9246
10018.923143 73.217 -55.2070
10091.524390 72.994 -60.8853
10164.651736 72.742 -66.1018
10238.308993 72.474 -70.9307
10312.500000 72.184 -75.3635
10387.228626 71.875 -79.1433
10462.498767 71.578 -81.9705
10538.314345 71.362 -84.0625
10614.679315 71.281 -86.1841
10691.597657 71.327 -89.0232
10769.073381 71.435 -92.7395
10847.110526 71.533 -96.9824
10925.713161 71.588 -101.3181
11004.885382 71.610 -105.6326
11084.631318 71.628 -110.0515
11164.955126 71.658 -114.7603
11245.860993 71.697 -119.8647
11327.353138 71.731 -125.2783
11409.435808 71.765 -130.8464
11492.113283 71.809 -136.6133
11575.389873 71.846 -142.6311
11659.269920 71.854 -148.7874
11743.757796 71.818 -154.9185
11828.857906 71.733 -160.8730
11914.574686 71.604 -166.6514
12000.912606 71.427 -172.3264
12087.876166 71.197 -177.8135
12175.469900 70.912 177.0776
12263.698373 70.578 172.5417
12352.566187 70.211 168.6790
12442.077974 69.848 165.4463
12532.238400 69.541 162.7070
12623.052165 69.335 160.1609
12714.524005 69.245 157.5457
12806.658687 69.262 154.9404
12899.461015 69.392 152.5664
12992.935827 69.645 150.2847
13087.087996 70.013 147.4543
13181.922430 70.450 143.5085
13277.444074 70.908 138.3157
13373.657907 71.346 131.9707
13470.568945 71.725 124.6606
13568.182241 72.017 116.6462
13666.502883 72.220 108.2422
13765.535996 72.354 99.6516
13865.286744 72.431 90.9480
13965.760328 72.443 82.2402
14066.961984 72.366 73.7280
14168.896989 72.183 65.7395
14271.570658 71.902 58.6499
14374.988342 71.567 52.8069
14479.155433 71.244 48.2109
14584.077362 70.977 44.3120
14689.759598 70.761 40.4802
14796.207652 70.557 36.3862
14903.427072 70.351 31.8594
15011.423448 70.148 26.8030
15120.202410 69.970 21.2964
15229.769630 69.826 15.4072
15340.130819 69.692 9.1636
15451.291730 69.512 2.8806
15563.258160 69.248 -2.6487
15676.035944 68.898 -6.1797
15789.630962 68.489 -5.4673
15904.049137 68.055 3.9141
16019.296433 67.628 26.1108
16135.378859 67.228 50.2244
16252.302465 66.886 63.7419
16370.073348 66.646 69.4338
16488.697648 66.537 71.1494
16608.181548 66.561 70.7373
16728.531278 66.708 69.0039
16849.753112 66.959 66.0713
16971.853368 67.288 61.8235
17094.838414 67.660 56.1577
17218.714660 68.024 49.0408
17343.488565 68.318 40.6716
17469.166632 68.498 31.4138
17595.755415 68.549 21.5627
17723.261512 68.472 11.3140
17851.691571 68.272 0.7932
17981.052287 67.955 -9.8643
18111.350404 67.531 -20.4478
18242.592715 67.024 -30.7717
18374.786062 66.443 -40.7507
18507.937336 65.783 -50.2942
18642.053479 65.040 -59.3037
18777.141484 64.221 -67.8047
18913.208391 63.343 -75.9231
19050.261296 62.436 -83.8252
19188.307342 61.527 -91.6653
19327.353727 60.648 -99.5349
19467.407699 59.841 -107.5706
19608.476560 59.160 -115.9248
19750.567664 58.645 -124.6584
19893.688419 58.308 -133.6355
20037.846286 58.142 -142.4592
