* Measurement data measured by REW V5.31.3
* Source: Umik-1  Gain: 18dB, , L, volume: no control. Timing signal peak level -40.9 dBFS, measurement signal peak level -33.5 dBFS
* Format: 512k Log Swept Sine, 1 sweep at -12.0 dBFS using an acoustic timing reference
* Dated: Jul 7, 2026 3:57:39 PM
* REW Settings:
*  C-weighting compensation: Off
*  Target level: 75.0 dB
* Note: droite 10 gauche 11 Delay -0.0840 ms (-29 mm, -1.13 in) using estimated IR delay relative to Acoustic reference played from  L with no timing offset
* Measurement: L+R retour sans eq Jul 7
* Smoothing: 1/12 octave
* Frequency Step: 96 ppo
* Start Frequency: 20.141602 Hz
*
* Freq(Hz) SPL(dB) Phase(degrees)
20.141602 49.527 -146.9791
20.287556 49.611 -146.2102
20.434568 49.754 -144.9049
20.582645 49.962 -143.0176
20.731796 50.233 -140.5922
20.882027 50.551 -137.7650
21.033346 50.893 -134.7258
21.185763 51.231 -131.6719
21.339284 51.539 -128.7709
21.493917 51.798 -126.1453
21.649671 51.998 -123.8791
21.806553 52.134 -122.0260
21.964572 52.210 -120.6188
22.123737 52.235 -119.6718
22.284054 52.220 -119.1751
22.445534 52.180 -119.0876
22.608183 52.123 -119.3277
22.772012 52.052 -119.7717
22.937027 51.966 -120.2616
23.103238 51.854 -120.6185
23.270654 51.705 -120.6633
23.439282 51.509 -120.2344
23.609133 51.262 -119.2087
23.780215 50.977 -117.5347
23.952536 50.683 -115.2783
24.126106 50.424 -112.6797
24.300934 50.256 -110.1714
24.477028 50.223 -108.3000
24.654399 50.343 -107.5534
24.833055 50.595 -108.1729
25.013005 50.930 -110.0713
25.194260 51.284 -112.8644
25.376828 51.602 -115.9721
25.560719 51.846 -118.7068
25.745942 52.012 -120.2692
25.932508 52.151 -119.6302
26.120426 52.386 -115.3169
26.309705 52.895 -105.6092
26.500356 53.807 -90.6941
26.692388 55.092 -75.6842
26.885812 56.589 -65.9734
27.080638 58.123 -62.0162
27.276876 59.572 -62.1042
27.474535 60.879 -64.7475
27.673627 62.021 -68.9785
27.874161 62.997 -74.1718
28.076149 63.812 -79.9004
28.279600 64.475 -85.8534
28.484526 64.997 -91.8002
28.690937 65.389 -97.5678
28.898843 65.665 -103.0333
29.108256 65.840 -108.1143
29.319186 65.934 -112.7677
29.531645 65.969 -116.9865
29.745644 65.969 -120.7995
29.961193 65.957 -124.2648
30.178304 65.952 -127.4607
30.396989 65.965 -130.4660
30.617258 65.998 -133.3404
30.839123 66.045 -136.1076
31.062596 66.094 -138.7501
31.287688 66.133 -141.2150
31.514412 66.152 -143.4308
31.742778 66.147 -145.3256
31.972800 66.121 -146.8441
32.204488 66.082 -147.9602
32.437855 66.045 -148.6832
32.672913 66.025 -149.0565
32.909674 66.036 -149.1499
33.148151 66.088 -149.0489
33.388356 66.184 -148.8433
33.630302 66.319 -148.6231
33.874001 66.485 -148.4781
34.119466 66.673 -148.4999
34.366710 66.867 -148.7772
34.615745 67.055 -149.3835
34.866585 67.224 -150.3571
35.119243 67.361 -151.6807
35.373731 67.459 -153.2684
35.630064 67.510 -154.9652
35.888254 67.515 -156.5638
36.148315 67.481 -157.8345
36.410261 67.423 -158.5709
36.674104 67.366 -158.6399
36.939860 67.345 -158.0276
37.207542 67.390 -156.8640
37.477163 67.525 -155.3991
37.748738 67.753 -153.9274
38.022281 68.063 -152.6907
38.297806 68.428 -151.8123
38.575327 68.825 -151.2939
38.854860 69.234 -151.0604
39.136419 69.645 -151.0164
39.420017 70.057 -151.0888
39.705671 70.471 -151.2452
39.993395 70.894 -151.4890
40.283203 71.329 -151.8428
40.575112 71.779 -152.3304
40.869136 72.240 -152.9677
41.165290 72.709 -153.7628
41.463591 73.178 -154.7232
41.764053 73.637 -155.8598
42.066693 74.079 -157.1849
42.371525 74.495 -158.7031
42.678567 74.880 -160.3998
42.987834 75.231 -162.2348
43.299341 75.551 -164.1451
43.613106 75.844 -166.0568
43.929145 76.122 -167.9044
44.247473 76.394 -169.6490
44.568109 76.674 -171.2901
44.891068 76.968 -172.8642
45.216367 77.282 -174.4307
45.544023 77.610 -176.0512
45.874054 77.947 -177.7698
46.206476 78.281 -179.6021
46.541307 78.606 178.4664
46.878565 78.917 176.4735
47.218266 79.214 174.4688
47.560429 79.505 172.4995
47.905072 79.796 170.5969
48.252212 80.095 168.7654
48.601867 80.409 166.9802
48.954056 80.737 165.1946
49.308798 81.077 163.3560
49.666109 81.426 161.4224
50.026010 81.778 159.3734
50.388520 82.134 157.2096
50.753656 82.492 154.9447
51.121437 82.858 152.5936
51.491884 83.237 150.1628
51.865016 83.634 147.6445
52.240851 84.054 145.0144
52.619410 84.499 142.2307
53.000712 84.968 139.2356
53.384777 85.456 135.9602
53.771625 85.952 132.3345
54.161276 86.444 128.3003
54.553751 86.913 123.8232
54.949070 87.343 118.9000
55.347254 87.716 113.5597
55.748323 88.015 107.8621
56.152298 88.224 101.8952
56.559201 88.332 95.7748
56.969052 88.329 89.6437
57.381873 88.216 83.6668
57.797686 87.999 78.0186
58.216512 87.698 72.8635
58.638373 87.340 68.3371
59.063291 86.964 64.5355
59.491288 86.623 61.5070
59.922386 86.382 59.2246
60.356608 86.314 57.5115
60.793977 86.472 55.9587
61.234515 86.851 53.9536
61.678246 87.376 50.8881
62.125192 87.930 46.4051
62.575377 88.407 40.4887
63.028824 88.730 33.3865
63.485557 88.856 25.4798
63.945599 88.772 17.1829
64.408975 88.484 8.8768
64.875709 88.010 0.8661
65.345825 87.383 -6.6472
65.819348 86.643 -13.5756
66.296302 85.834 -19.9436
66.776713 85.002 -25.8763
67.260604 84.183 -31.5736
67.748002 83.392 -37.2611
68.238932 82.618 -43.1183
68.733420 81.824 -49.2039
69.231490 80.959 -55.4125
69.733170 79.977 -61.4836
70.238485 78.847 -67.0540
70.747463 77.560 -71.7419
71.260128 76.135 -75.2492
71.776508 74.611 -77.4675
72.296630 73.049 -78.5653
72.820521 71.531 -79.0238
73.348209 70.146 -79.5927
73.879720 68.983 -81.1493
74.415083 68.106 -84.5098
74.954326 67.540 -90.2955
75.497475 67.277 -98.8836
76.044561 67.304 -110.3357
76.595612 67.607 -124.2257
77.150655 68.168 -139.5159
77.709720 68.956 -154.8169
78.272837 69.918 -169.0081
78.840034 70.983 178.3531
79.411342 72.072 167.1373
79.986789 73.115 156.9802
80.566406 74.057 147.5355
81.150224 74.872 138.5825
81.738272 75.557 130.0504
82.330581 76.136 121.9905
82.927182 76.647 114.4938
83.528107 77.134 107.5810
84.133386 77.628 101.1318
84.743051 78.137 94.9023
85.357134 78.644 88.6099
85.975667 79.112 82.0377
86.598682 79.501 75.1044
87.226212 79.777 67.8671
87.858289 79.921 60.4703
88.494946 79.923 53.0823
89.136217 79.777 45.8700
89.782135 79.475 39.0198
90.432733 79.007 32.7913
91.088046 78.367 27.5684
91.748108 77.576 23.8630
92.412952 76.693 22.1820
93.082615 75.833 22.6843
93.757130 75.137 24.7723
94.436533 74.705 27.1624
95.120859 74.528 28.6624
95.810144 74.499 28.8145
96.504423 74.494 27.8303
97.203734 74.425 26.2325
97.908112 74.256 24.5981
98.617595 74.001 23.4185
99.332219 73.710 22.9968
100.052021 73.453 23.3712
100.777039 73.296 24.3213
101.507311 73.274 25.4898
102.242875 73.392 26.5379
102.983769 73.637 27.2120
103.730032 73.989 27.3172
104.481702 74.424 26.6807
105.238820 74.906 25.1526
106.001424 75.391 22.6367
106.769554 75.829 19.1214
107.543250 76.174 14.6978
108.322553 76.382 9.5552
109.107503 76.425 3.9581
109.898141 76.287 -1.7882
110.694508 75.968 -7.3724
111.496646 75.486 -12.4997
112.304596 74.874 -16.9176
113.118402 74.185 -20.4662
113.938104 73.500 -23.1599
114.763747 72.918 -25.2888
115.595372 72.536 -27.4818
116.433024 72.388 -30.6007
117.276746 72.421 -35.4351
118.126581 72.512 -42.4468
118.982575 72.535 -51.7916
119.844772 72.403 -63.5670
120.713217 72.081 -78.1513
121.587954 71.583 -96.5917
122.469031 70.966 -120.7841
123.356492 70.332 -151.4922
124.250384 69.815 177.0110
125.150753 69.561 152.4890
126.057647 69.679 135.5759
126.971113 70.185 123.6995
127.891198 70.994 114.6870
128.817950 71.973 107.0876
129.751418 72.994 99.9761
130.691651 73.964 92.8207
131.638696 74.822 85.3767
132.592604 75.532 77.5885
133.553425 76.080 69.5104
134.521208 76.468 61.2327
135.496004 76.712 52.8126
136.477864 76.833 44.2430
137.466839 76.842 35.4691
138.462981 76.737 26.4417
139.466340 76.492 17.1650
140.476971 76.070 7.7207
141.494925 75.444 -1.7382
142.520256 74.605 -11.0125
143.553016 73.579 -19.8632
144.593260 72.437 -27.8945
145.641043 71.317 -33.6481
146.696418 70.431 32.6207
147.759441 69.991 119.9397
148.830166 70.071 116.3866
149.908651 70.561 111.8064
150.994951 71.295 107.7843
152.089123 72.173 104.7456
153.191223 73.178 102.8278
154.301310 74.322 101.8181
155.419441 75.589 101.0750
156.545674 76.922 99.7715
157.680069 78.244 97.3112
158.822683 79.491 93.4971
159.973578 80.615 88.4181
161.132813 81.589 82.2936
162.300447 82.395 75.3859
163.476543 83.026 67.9636
164.661162 83.483 60.2876
165.854364 83.778 52.5989
167.056213 83.934 45.1034
168.266772 83.981 37.9470
169.486102 83.956 31.1926
170.714268 83.893 24.8126
171.951334 83.816 18.7052
173.197364 83.733 12.7325
174.452424 83.638 6.7672
175.716578 83.514 0.7333
176.989893 83.345 -5.3864
178.272434 83.123 -11.5775
179.564270 82.850 -17.8485
180.865467 82.523 -24.2554
182.176092 82.124 -30.8577
183.496216 81.616 -37.6111
184.825905 80.956 -44.2902
186.165229 80.113 -50.4719
187.514259 79.084 -55.5018
188.873065 77.908 -58.2687
190.241717 76.693 -56.4895
191.620287 75.650 -45.2761
193.008847 75.074 -20.6198
194.407468 75.152 2.4590
195.816225 75.780 11.9662
197.235190 76.684 13.0415
198.664438 77.645 10.1372
200.104042 78.548 5.2037
201.554078 79.339 -0.9626
203.014622 79.982 -8.0397
204.485750 80.441 -15.8320
205.967538 80.681 -24.0795
207.460064 80.680 -32.3822
208.963405 80.429 -40.1722
210.477640 79.939 -46.6709
212.002848 79.252 -50.8755
213.539108 78.458 -51.8973
215.086500 77.706 -50.0342
216.645105 77.148 -47.4673
218.215005 76.846 -46.6030
219.796281 76.738 -48.2145
221.389015 76.702 -51.8273
222.993292 76.635 -56.6990
224.609193 76.477 -62.2365
226.236804 76.198 -68.0431
227.876209 75.785 -73.8446
229.527494 75.230 -79.3982
231.190745 74.533 -84.4417
232.866048 73.706 -88.6727
234.553491 72.773 -91.7438
236.253163 71.791 -93.3156
237.965150 70.856 -93.2648
239.689544 70.106 -92.0243
241.426433 69.673 -90.6588
243.175909 69.611 -90.3765
244.938062 69.874 -91.9839
246.712984 70.352 -95.8406
248.500768 70.924 -102.0575
250.301507 71.493 -110.6195
252.115295 71.993 -121.4351
253.942226 72.393 -134.3839
255.782396 72.687 -149.3286
257.635901 72.893 -166.0477
259.502837 73.044 175.8691
261.383301 73.179 157.0509
263.277392 73.332 138.2455
265.185209 73.519 120.1505
267.106850 73.733 103.2231
269.042417 73.952 87.6149
270.992009 74.154 73.2604
272.955729 74.330 59.9833
274.933678 74.470 47.5511
276.925961 74.561 35.7185
278.932681 74.573 24.2990
280.953942 74.468 13.2363
282.989850 74.215 2.6437
285.040511 73.796 -7.1666
287.106032 73.220 -15.5944
289.186521 72.522 -21.5029
291.282086 71.778 -22.9191
293.392836 71.107 -17.7910
295.518881 70.620 -8.2072
297.660333 70.333 -1.4371
299.817302 70.143 -0.5341
301.989902 69.899 -3.4569
304.178245 69.498 -7.6125
306.382446 68.923 -11.0371
308.602620 68.254 -12.2719
310.838882 67.671 -10.4368
313.091348 67.407 -5.8749
315.360137 67.603 -0.6985
317.645367 68.192 2.4823
319.947156 68.959 2.4906
322.265625 69.710 -0.3804
324.600895 70.341 -5.2764
326.953086 70.828 -11.3909
329.322323 71.192 -18.2188
331.708729 71.450 -25.5601
334.112427 71.600 -33.3718
336.533543 71.621 -41.6041
338.972204 71.496 -50.1208
341.428536 71.223 -58.7439
343.902668 70.819 -67.3384
346.394729 70.313 -75.8246
348.904848 69.742 -84.1576
351.433156 69.155 -92.3826
353.979786 68.600 -100.6820
356.544869 68.091 -109.2446
359.128540 67.617 -118.0315
361.730934 67.174 -126.6581
364.352185 66.824 -134.4752
366.992431 66.714 -140.8285
369.651810 67.016 -145.5636
372.330459 67.790 -149.5148
375.028519 68.921 -154.1095
377.746130 70.231 -160.2166
380.483434 71.594 -167.7405
383.240574 72.949 -176.1801
386.017693 74.252 174.7987
388.814937 75.441 165.2153
391.632450 76.432 154.9288
394.470380 77.139 143.9360
397.328875 77.499 132.6202
400.208084 77.493 121.7252
403.108157 77.161 112.0696
406.029245 76.597 104.2272
408.971500 75.939 98.2921
411.935076 75.334 93.8275
414.920127 74.872 90.1268
417.926810 74.551 86.6785
420.955280 74.307 83.4728
424.005695 74.098 80.9119
427.078215 73.955 79.4047
430.173000 73.969 78.9266
433.290211 74.210 78.8696
436.430010 74.669 78.3237
439.592562 75.255 76.5796
442.778031 75.859 73.4036
445.986583 76.392 68.9178
449.218386 76.793 63.3971
452.473607 77.025 57.1672
455.752418 77.062 50.5706
459.054987 76.885 43.9935
462.381489 76.481 37.9624
465.732096 75.853 33.2616
469.106983 75.043 31.0111
472.506325 74.163 32.5590
475.930301 73.398 38.5991
479.379088 72.953 47.2485
482.852867 72.902 54.4161
486.351817 73.127 57.8695
489.876123 73.438 58.2141
493.425968 73.702 56.9719
497.001536 73.884 55.5853
500.603014 74.025 55.3433
504.230589 74.227 57.3251
507.884452 74.599 61.6779
511.564792 75.165 66.6372
515.271802 75.831 69.6240
519.005673 76.453 69.7197
522.766602 76.934 67.8137
526.554785 77.273 65.2882
530.370418 77.554 63.1680
534.213700 77.895 61.7799
538.084833 78.380 60.7360
541.984018 79.007 59.3228
545.911457 79.709 57.0240
549.867357 80.405 53.7292
553.851922 81.046 49.6497
557.865362 81.620 45.1764
561.907884 82.159 40.7380
565.979700 82.711 36.5657
570.081022 83.297 32.3885
574.212064 83.855 27.4927
578.373042 84.257 21.3353
582.564171 84.382 14.0925
586.785671 84.172 6.5708
591.037762 83.647 -0.3250
595.320665 82.886 -5.9974
599.634604 82.004 -10.2584
603.979804 81.124 -13.3470
608.356491 80.339 -15.8683
612.764893 79.670 -18.4093
617.205240 79.060 -21.0035
621.677763 78.441 -22.9487
626.182696 77.800 -22.9330
630.720274 77.203 -19.4120
635.290733 76.768 -12.0618
639.894312 76.588 -3.7769
644.531250 76.647 1.6951
649.201789 76.859 3.6636
653.906173 77.159 3.2775
658.644647 77.513 1.4738
663.417457 77.887 -1.3602
668.224854 78.232 -5.0748
673.067086 78.498 -9.5212
677.944408 78.647 -14.5093
682.857073 78.653 -19.8076
687.805336 78.514 -25.1433
692.789457 78.246 -30.2980
697.809695 77.876 -35.2047
702.866312 77.403 -39.8417
707.959571 76.802 -43.9714
713.089738 76.053 -47.0562
718.257080 75.182 -48.5692
723.461867 74.263 -48.5168
728.704370 73.368 -47.5394
733.984862 72.529 -46.1448
739.303619 71.755 -43.9224
744.660918 71.099 -39.7316
750.057038 70.693 -32.9016
755.492260 70.666 -24.9238
760.966869 71.002 -18.9517
766.481148 71.521 -16.8153
772.035387 72.006 -18.2646
777.629873 72.311 -22.0135
783.264900 72.411 -26.1561
788.940760 72.404 -27.4463
794.657750 72.493 -16.1675
800.416168 72.914 33.6060
806.216313 73.789 67.1908
812.058489 75.037 72.5934
817.943000 76.458 70.5629
823.870152 77.859 65.6514
829.840255 79.111 58.9320
835.853619 80.144 50.9309
841.910559 80.941 42.1603
848.011390 81.513 33.0652
854.156430 81.872 23.9420
860.346000 82.018 15.0339
866.580422 81.950 6.6550
872.860020 81.678 -0.7944
879.185124 81.242 -6.8901
885.556062 80.716 -11.3751
891.973166 80.193 -14.4451
898.436771 79.739 -16.7140
904.947215 79.356 -18.5967
911.504835 79.032 -19.8639
918.109975 78.809 -19.9612
924.762978 78.788 -18.7620
931.464192 79.026 -17.1206
938.213966 79.454 -16.5847
945.012651 79.899 -18.2029
951.860602 80.198 -21.8198
958.758176 80.263 -26.4965
965.705733 80.095 -31.1862
972.703635 79.756 -35.0831
979.752246 79.354 -37.7577
986.851935 79.018 -39.2950
994.003071 78.839 -40.2930
1001.206027 78.816 -41.6187
1008.461179 78.849 -43.8959
1015.768904 78.809 -47.0984
1023.129584 78.621 -50.6782
1030.543603 78.287 -54.0327
1038.011347 77.860 -56.7936
1045.533205 77.408 -58.8502
1053.109569 76.993 -60.3276
1060.740836 76.650 -61.5638
1068.427401 76.365 -62.9213
1076.169666 76.092 -64.5048
1083.968035 75.792 -66.1334
1091.822915 75.460 -67.5581
1099.734713 75.114 -68.5652
1107.703844 74.783 -68.9641
1115.730723 74.516 -68.6348
1123.815768 74.380 -67.7213
1131.959400 74.424 -66.8811
1140.162045 74.626 -67.1035
1148.424129 74.891 -69.0183
1156.746083 75.116 -72.6023
1165.128342 75.244 -77.4646
1173.571343 75.280 -83.2026
1182.075524 75.266 -89.6577
1190.641331 75.235 -96.9797
1199.269209 75.171 -105.4990
1207.959608 75.022 -115.4795
1216.712981 74.771 -127.1082
1225.529785 74.480 -141.4238
1234.410479 74.269 -169.5493
1243.355526 74.236 50.2231
1252.365393 74.373 23.3064
1261.440549 74.564 8.6667
1270.581467 74.666 -3.7314
1279.788624 74.591 -14.8091
1289.062500 74.316 -24.5801
1298.403578 73.846 -32.8665
1307.812346 73.198 -39.2849
1317.289293 72.425 -43.1746
1326.834914 71.647 -43.7417
1336.449707 71.054 -40.4099
1346.134173 70.835 -33.5269
1355.888816 71.064 -24.6550
1365.714145 71.681 -15.3564
1375.610673 72.558 -6.7773
1385.578915 73.563 -0.3716
1395.619391 74.581 2.5020
1405.732624 75.517 1.5132
1415.919142 76.309 -2.4250
1426.179476 76.928 -8.0427
1436.514160 77.367 -14.3367
1446.923734 77.633 -20.5764
1457.408740 77.755 -26.1533
1467.969724 77.792 -30.6528
1478.607238 77.811 -34.0662
1489.321836 77.834 -36.9219
1500.114076 77.821 -39.7471
1510.984521 77.730 -42.3147
1521.933737 77.594 -43.8972
1532.962297 77.518 -44.1909
1544.070773 77.581 -43.8711
1555.259747 77.767 -44.1860
1566.529800 77.990 -45.8911
1577.881521 78.190 -48.7930
1589.315501 78.373 -52.4392
1600.832336 78.557 -56.6667
1612.432627 78.738 -61.5278
1624.116978 78.881 -67.0454
1635.886000 78.927 -73.2004
1647.740304 78.802 -79.8025
1659.680509 78.441 -86.3035
1671.707238 77.821 -91.8442
1683.821118 76.963 -95.3621
1696.022780 75.960 -95.7026
1708.312860 74.982 -91.5840
1720.692000 74.272 -82.3521
1733.160843 74.037 -70.5276
1745.720041 74.277 -61.4514
1758.370248 74.774 -57.7927
1771.112124 75.273 -58.5430
1783.946332 75.605 -61.7505
1796.873543 75.719 -65.7158
1809.894429 75.662 -69.2329
1823.009670 75.545 -71.7498
1836.219950 75.480 -73.3411
1849.525956 75.529 -74.3044
1862.928384 75.708 -74.6609
1876.427931 76.003 -74.2256
1890.025301 76.384 -73.1323
1903.721204 76.793 -72.4841
1917.516352 77.124 -73.7146
1931.411466 77.257 -77.0430
1945.407270 77.125 -81.4465
1959.504493 76.748 -85.6611
1973.703870 76.226 -88.7922
1988.006142 75.701 -90.3582
2002.412054 75.322 -90.0342
2016.922357 75.217 -87.5708
2031.537808 75.437 -83.4343
2046.259169 75.910 -79.4407
2061.087206 76.466 -77.7292
2076.022694 76.940 -78.9604
2091.066410 77.257 -82.3105
2106.219139 77.421 -86.7598
2121.481671 77.461 -91.7236
2136.854802 77.398 -96.9307
2152.339333 77.248 -102.1140
2167.936071 77.043 -107.0200
2183.645829 76.822 -111.5635
2199.469427 76.611 -115.9543
2215.407689 76.384 -120.5828
2231.461446 76.077 -125.5330
2247.631536 75.647 -130.3574
2263.918800 75.123 -134.3210
2280.324089 74.578 -136.5125
2296.848258 74.086 -135.1350
2313.492167 73.716 -125.8657
2330.256685 73.545 -104.5618
2347.142685 73.625 -83.1318
2364.151049 73.951 -73.4402
2381.282662 74.472 -71.6145
2398.538418 75.115 -73.6013
2415.919216 75.802 -77.5547
2433.425962 76.471 -82.6519
2451.059570 77.076 -88.5017
2468.820958 77.587 -94.8362
2486.711052 77.997 -101.4565
2504.730786 78.308 -108.2302
2522.881098 78.527 -115.0767
2541.162934 78.664 -122.0012
2559.577248 78.717 -129.0774
2578.125000 78.675 -136.3059
2596.807157 78.523 -143.6028
2615.624692 78.252 -150.7825
2634.578586 77.874 -157.6062
2653.669829 77.417 -163.9377
2672.899414 76.915 -169.8386
2692.268345 76.385 -175.5571
2711.777632 75.812 178.7969
2731.428290 75.166 173.4453
2751.221345 74.442 168.8132
2771.157829 73.673 165.5789
2791.238781 72.943 164.8894
2811.465248 72.343 168.8662
2831.838284 71.926 -179.8782
2852.358952 71.682 -163.0081
2873.028321 71.581 -148.3391
2893.847468 71.627 -139.2527
2914.817480 71.883 -133.7634
2935.939449 72.416 -129.7615
2957.214476 73.218 -127.1729
2978.643672 74.183 -127.4021
3000.228152 75.142 -131.2004
3021.969041 75.943 -138.1433
3043.867475 76.498 -146.8357
3065.924593 76.793 -154.8933
3088.141547 76.848 -158.6404
3110.519493 76.688 -153.2202
3133.059600 76.347 -140.3083
3155.763041 75.894 -132.6899
3178.631001 75.416 -133.5046
3201.664672 74.984 -138.9668
3224.865254 74.599 -146.6985
3248.233957 74.210 -155.5471
3271.771999 73.775 -164.5759
3295.480608 73.322 -172.8843
3319.361019 72.953 -179.5425
3343.414477 72.796 176.4570
3367.642236 72.884 177.3064
3392.045560 73.099 -170.9146
3416.625721 73.265 -145.6677
3441.383999 73.269 -129.9321
3466.321686 73.100 -128.4617
3491.440082 72.816 -132.2463
3516.740496 72.519 -136.5723
3542.224247 72.352 -140.1436
3567.892664 72.432 -143.8738
3593.747085 72.751 -149.2063
3619.788858 73.183 -156.8357
3646.019340 73.578 -166.5974
3672.439900 73.836 -177.8984
3699.051913 73.910 169.7886
3725.856768 73.781 156.7793
3752.855862 73.457 143.2932
3780.050603 72.981 129.4209
3807.442408 72.415 114.9207
3835.032705 71.815 99.2283
3862.822933 71.229 81.7183
3890.814540 70.699 61.7227
3919.008986 70.272 38.4714
3947.407741 70.012 11.1499
3976.012284 69.966 -20.1428
4004.824108 70.119 -52.6389
4033.844715 70.396 -82.3179
4063.075616 70.710 -106.7866
4092.518337 71.016 -123.0554
4122.174412 71.326 -107.9844
4152.045387 71.649 -38.1055
4182.132820 71.957 -39.5334
4212.438278 72.203 -54.6536
4242.963342 72.328 -73.5244
4273.709604 72.280 -93.7795
4304.678665 72.075 -113.9258
4335.872141 71.793 -133.1748
4367.291658 71.505 -151.5679
4398.938854 71.240 -170.1709
4430.815378 71.016 169.0435
4462.922893 70.852 144.8955
4495.263072 70.739 117.9402
4527.837601 70.631 90.3477
4560.648179 70.498 65.2646
4593.696515 70.374 45.6523
4626.984334 70.329 35.8076
4660.513370 70.417 48.7205
4694.285371 70.642 92.0679
4728.302098 70.947 110.0659
4762.565324 71.249 108.3770
4797.076835 71.498 99.4739
4831.838432 71.700 88.2102
4866.851925 71.911 77.0251
4902.119140 72.200 66.9241
4937.641916 72.570 58.1172
4973.422105 72.947 50.6208
5009.461572 73.257 44.6868
5045.762195 73.512 41.1301
5082.325868 73.794 40.0808
5119.154496 74.152 39.4995
5156.250000 74.541 36.6060
5193.614313 74.877 30.5515
5231.249383 75.105 22.4263
5269.157173 75.244 13.7114
5307.339658 75.333 5.4165
5345.798829 75.373 -1.3850
5384.536691 75.360 -3.9346
5423.555263 75.331 3.4341
5462.856580 75.337 21.5889
5502.442691 75.400 33.9434
5542.315659 75.500 35.0930
5582.477563 75.583 30.6743
5622.930497 75.602 24.5273
5663.676569 75.542 19.1104
5704.717904 75.449 16.7173
5746.056642 75.430 18.9375
5787.694937 75.570 24.2424
5829.634960 75.841 28.2620
5871.878898 76.139 28.3774
5914.428953 76.353 24.5745
5957.287343 76.385 18.0737
6000.456303 76.173 10.6118
6043.938083 75.721 3.8647
6087.734950 75.102 -0.8538
6131.849187 74.426 -2.6331
6176.283094 73.806 -1.2739
6221.038987 73.346 2.4124
6266.119200 73.113 6.9390
6311.526083 73.110 10.9287
6357.262002 73.279 13.5127
6403.329344 73.526 14.4849
6449.730508 73.776 14.6313
6496.467914 74.017 14.9153
6543.543998 74.266 15.3018
6590.961215 74.505 14.9370
6638.722037 74.653 13.4595
6686.828954 74.642 11.6040
6735.284473 74.500 10.5164
6784.091120 74.350 10.6611
6833.251441 74.329 11.5032
6882.767998 74.502 11.9333
6932.643372 74.827 11.1643
6982.880164 75.197 9.0735
7033.480992 75.490 5.9556
7084.448495 75.606 2.4365
7135.785329 75.507 -0.3691
7187.494171 75.239 -1.1169
7239.577717 74.920 0.8528
7292.038681 74.675 4.5054
7344.879799 74.562 7.5889
7398.103826 74.549 8.8987
7451.713536 74.580 8.9041
7505.711724 74.617 8.5786
7560.101205 74.644 8.7224
7614.884815 74.675 9.9492
7670.065409 74.755 12.3623
7725.645865 74.914 15.0640
7781.629080 75.126 16.8555
7838.017972 75.355 17.4304
7894.815481 75.604 17.1326
7952.024569 75.872 16.2295
8009.648217 76.129 14.9651
8067.689429 76.343 13.7566
8126.151233 76.517 12.9441
8185.036674 76.663 12.4280
8244.348824 76.774 11.7834
8304.090774 76.838 10.8127
8364.265639 76.862 9.6216
8424.876556 76.859 8.2207
8485.926684 76.808 6.6946
8547.419207 76.684 5.5535
8609.357330 76.508 5.4233
8671.744282 76.338 6.3633
8734.583316 76.216 7.7573
8797.877707 76.147 8.9412
8861.630756 76.106 9.5496
8925.845785 76.041 9.7378
8990.526143 75.924 10.1836
9055.675202 75.783 11.4717
9121.296357 75.676 13.4385
9187.393031 75.634 15.4360
9253.968668 75.661 17.0923
9321.026740 75.765 18.3679
9388.570742 75.949 19.2556
9456.604196 76.207 19.7959
9525.130648 76.537 19.9822
9594.153671 76.920 19.6191
9663.676863 77.307 18.5173
9733.703850 77.634 16.6697
9804.238280 77.845 14.1750
9875.283832 77.897 11.2834
9946.844210 77.789 8.5186
10018.923143 77.569 6.3220
10091.524390 77.290 4.8125
10164.651736 76.971 3.9783
10238.308993 76.619 3.7917
10312.500000 76.253 4.1414
10387.228626 75.904 4.9968
10462.498767 75.620 6.2913
10538.314345 75.452 7.6304
10614.679315 75.414 8.5283
10691.597657 75.461 8.6750
10769.073381 75.508 8.0566
10847.110526 75.476 6.9785
10925.713161 75.343 5.8298
11004.885382 75.132 4.8025
11084.631318 74.887 3.9961
11164.955126 74.637 3.4031
11245.860993 74.377 2.9192
11327.353138 74.083 2.5247
11409.435808 73.756 2.1995
11492.113283 73.410 1.7803
11575.389873 73.050 1.2310
11659.269920 72.675 0.6301
11743.757796 72.284 0.0276
11828.857906 71.872 -0.5549
11914.574686 71.434 -1.2241
12000.912606 70.966 -2.0273
12087.876166 70.487 -2.8196
12175.469900 70.027 -3.4712
12263.698373 69.602 -3.8000
12352.566187 69.191 -3.4656
12442.077974 68.762 -1.9695
12532.238400 68.322 1.1299
12623.052165 67.934 5.4490
12714.524005 67.666 9.6960
12806.658687 67.555 12.2820
12899.461015 67.593 11.8943
12992.935827 67.738 7.6692
13087.087996 67.940 -0.9663
13181.922430 68.179 -14.3997
13277.444074 68.475 -32.9783
13373.657907 68.849 -56.0371
13470.568945 69.293 -80.1606
13568.182241 69.770 -100.9922
13666.502883 70.239 -116.7329
13765.535996 70.679 -127.7793
13865.286744 71.081 -135.3506
13965.760328 71.439 -140.8384
14066.961984 71.728 -145.2910
14168.896989 71.907 -149.2175
14271.570658 71.942 -152.6523
14374.988342 71.828 -155.2759
14479.155433 71.595 -156.5859
14584.077362 71.299 -156.4270
14689.759598 71.003 -155.0591
14796.207652 70.750 -152.8774
14903.427072 70.566 -150.3943
15011.423448 70.473 -148.2151
15120.202410 70.480 -146.6548
15229.769630 70.583 -145.7766
15340.130819 70.749 -145.6946
15451.291730 70.917 -146.4285
15563.258160 71.028 -147.7065
15676.035944 71.048 -149.1211
15789.630962 70.965 -150.2878
15904.049137 70.792 -150.9160
16019.296433 70.564 -150.8469
16135.378859 70.324 -150.0562
16252.302465 70.108 -148.5686
16370.073348 69.936 -146.4919
16488.697648 69.813 -144.0005
16608.181548 69.735 -141.1533
16728.531278 69.723 -137.8574
16849.753112 69.816 -134.2109
16971.853368 70.040 -130.6873
17094.838414 70.385 -127.9644
17218.714660 70.794 -126.6335
17343.488565 71.187 -126.8777
17469.166632 71.491 -128.4509
17595.755415 71.662 -130.9397
17723.261512 71.682 -133.9565
17851.691571 71.559 -137.2266
17981.052287 71.304 -140.5886
18111.350404 70.934 -143.9146
18242.592715 70.458 -147.1104
18374.786062 69.876 -150.1082
18507.937336 69.180 -152.8005
18642.053479 68.369 -155.0610
18777.141484 67.452 -156.8159
18913.208391 66.447 -158.0374
19050.261296 65.380 -158.7224
19188.307342 64.272 -158.8071
19327.353727 63.144 -158.0872
19467.407699 62.031 -156.2295
19608.476560 60.991 -152.7468
19750.567664 60.101 -147.3538
19893.688419 59.444 -141.0115
20037.846286 59.092 -136.5500
