* Measurement data measured by REW V5.31.3
* Source: Umik-1  Gain: 18dB, , L, volume: no control. Timing signal peak level -41.6 dBFS, measurement signal peak level -38.8 dBFS
* Format: 512k Log Swept Sine, 1 sweep at -12.0 dBFS using an acoustic timing reference
* Dated: Jul 7, 2026 3:58:02 PM
* REW Settings:
*  C-weighting compensation: Off
*  Target level: 75.0 dB
* Note: droite 10 gauche 11 Delay -0.1054 ms (-36 mm, -1.42 in) using estimated IR delay relative to Acoustic reference played from  L with no timing offset
* Measurement: R retour sans eq Jul 7
* Smoothing: 1/12 octave
* Frequency Step: 96 ppo
* Start Frequency: 20.141602 Hz
*
* Freq(Hz) SPL(dB) Phase(degrees)
20.141602 44.767 -117.0627
20.287556 44.772 -118.7810
20.434568 44.756 -121.1298
20.582645 44.691 -123.6850
20.731796 44.553 -126.1491
20.882027 44.329 -128.3880
21.033346 44.027 -130.4043
21.185763 43.681 -132.2927
21.339284 43.356 -134.1857
21.493917 43.145 -136.1873
21.649671 43.146 -138.3070
21.806553 43.419 -140.4178
21.964572 43.945 -142.2968
22.123737 44.639 -143.7308
22.284054 45.389 -144.5983
22.445534 46.096 -144.8759
22.608183 46.686 -144.5923
22.772012 47.110 -143.7746
22.937027 47.337 -142.4151
23.103238 47.351 -140.4508
23.270654 47.152 -137.7514
23.439282 46.754 -134.1222
23.609133 46.197 -129.3418
23.780215 45.554 -123.3026
23.952536 44.946 -116.3029
24.126106 44.530 -109.3347
24.300934 44.451 -103.8834
24.477028 44.764 -101.0883
24.654399 45.398 -101.1138
24.833055 46.214 -103.2738
25.013005 47.074 -106.5628
25.194260 47.877 -110.1046
25.376828 48.560 -113.3203
25.560719 49.093 -115.8850
25.745942 49.475 -117.5956
25.932508 49.736 -118.2637
26.120426 49.940 -117.6648
26.309705 50.189 -115.5835
26.500356 50.603 -111.9825
26.692388 51.266 -107.2519
26.885812 52.185 -102.2744
27.080638 53.280 -98.0696
27.276876 54.439 -95.2986
27.474535 55.559 -94.1234
27.673627 56.573 -94.4021
27.874161 57.439 -95.9098
28.076149 58.143 -98.4487
28.279600 58.686 -101.8683
28.484526 59.088 -106.0395
28.690937 59.383 -110.8091
28.898843 59.617 -115.9617
29.108256 59.848 -121.2084
29.319186 60.137 -126.2384
29.531645 60.530 -130.8190
29.745644 61.054 -134.9024
29.961193 61.699 -138.6603
30.178304 62.430 -142.4263
30.396989 63.198 -146.5749
30.617258 63.955 -151.4146
30.839123 64.659 -157.1245
31.062596 65.279 -163.7427
31.287688 65.794 -171.1860
31.514412 66.189 -179.2848
31.742778 66.449 172.1731
31.972800 66.565 163.4019
32.204488 66.527 154.5861
32.437855 66.326 145.8792
32.672913 65.960 137.4163
32.909674 65.429 129.3435
33.148151 64.738 121.8505
33.388356 63.902 115.1821
33.630302 62.945 109.6258
33.874001 61.907 105.4567
34.119466 60.844 102.8408
34.366710 59.826 101.7137
34.615745 58.919 101.7102
34.866585 58.162 102.2424
35.119243 57.547 102.7020
35.373731 57.033 102.6522
35.630064 56.570 101.8806
35.888254 56.127 100.3440
36.148315 55.696 98.0981
36.410261 55.285 95.2637
36.674104 54.900 92.0255
36.939860 54.529 88.6284
37.207542 54.141 85.3451
37.477163 53.686 82.4235
37.748738 53.111 80.0408
38.022281 52.372 78.2732
38.297806 51.450 77.0588
38.575327 50.349 76.1291
38.854860 49.119 74.9095
39.136419 47.858 72.4732
39.420017 46.736 67.7529
39.705671 45.967 60.1225
39.993395 45.727 49.8863
40.283203 46.064 37.8838
40.575112 46.917 24.5860
40.869136 48.196 10.1382
41.165290 49.792 -4.6504
41.463591 51.573 -18.1786
41.764053 53.411 -29.3871
42.066693 55.207 -38.4564
42.371525 56.902 -46.1923
42.678567 58.461 -53.3505
42.987834 59.872 -60.3982
43.299341 61.132 -67.5263
43.613106 62.245 -74.7360
43.929145 63.220 -81.9260
44.247473 64.070 -88.9614
44.568109 64.817 -95.7098
44.891068 65.487 -102.0562
45.216367 66.113 -107.9105
45.544023 66.730 -113.2295
45.874054 67.363 -118.0453
46.206476 68.023 -122.4865
46.541307 68.704 -126.7643
46.878565 69.385 -131.1197
47.218266 70.039 -135.7524
47.560429 70.640 -140.7664
47.905072 71.170 -146.1507
48.252212 71.622 -151.7979
48.601867 71.997 -157.5456
48.954056 72.306 -163.2260
49.308798 72.564 -168.7048
49.666109 72.791 -173.9043
50.026010 73.004 -178.8046
50.388520 73.221 176.5679
50.753656 73.452 172.1597
51.121437 73.705 167.9075
51.491884 73.988 163.7461
51.865016 74.309 159.6085
52.240851 74.675 155.4168
52.619410 75.094 151.0754
53.000712 75.565 146.4708
53.384777 76.083 141.4816
53.771625 76.636 135.9942
54.161276 77.209 129.9155
54.553751 77.785 123.1718
54.949070 78.348 115.7011
55.347254 78.881 107.4435
55.748323 79.369 98.3410
56.152298 79.794 88.3474
56.559201 80.143 77.4398
56.969052 80.407 65.6215
57.381873 80.587 52.9081
57.797686 80.693 39.2991
58.216512 80.745 24.7381
58.638373 80.772 9.0814
59.063291 80.795 -7.9059
59.491288 80.824 -26.5019
59.922386 80.852 -46.9092
60.356608 80.850 -69.0928
60.793977 80.780 -92.6520
61.234515 80.600 -116.8376
61.678246 80.273 -140.7537
62.125192 79.770 -163.6323
62.575377 79.070 175.0165
63.028824 78.166 155.4465
63.485557 77.060 137.7881
63.945599 75.768 122.0775
64.408975 74.322 108.1666
64.875709 72.774 95.6116
65.345825 71.206 83.6296
65.819348 69.756 71.0648
66.296302 68.627 56.0636
66.776713 68.040 34.7163
67.260604 68.091 -1.6833
67.748002 68.660 -51.9746
68.238932 69.508 -87.8428
68.733420 70.425 -109.6820
69.231490 71.286 -125.6387
69.733170 72.035 -138.9387
70.238485 72.661 -150.6917
70.747463 73.178 -161.2872
71.260128 73.607 -170.8881
71.776508 73.967 -179.6034
72.296630 74.267 172.4619
72.820521 74.504 165.2146
73.348209 74.669 158.5991
73.879720 74.754 152.6234
74.415083 74.762 147.3672
74.954326 74.714 142.9688
75.497475 74.660 139.5734
76.044561 74.675 137.2382
76.595612 74.843 135.8145
77.150655 75.216 134.8896
77.709720 75.790 133.8848
78.272837 76.506 132.2693
78.840034 77.284 129.7244
79.411342 78.054 126.1559
79.986789 78.765 121.6124
80.566406 79.379 116.2079
81.150224 79.871 110.0883
81.738272 80.221 103.4355
82.330581 80.419 96.4784
82.927182 80.465 89.4836
83.528107 80.370 82.7219
84.133386 80.159 76.4259
84.743051 79.865 70.7501
85.357134 79.526 65.7430
85.975667 79.176 61.3407
86.598682 78.845 57.3895
87.226212 78.547 53.6963
87.858289 78.286 50.0823
88.494946 78.053 46.4213
89.136217 77.827 42.6591
89.782135 77.583 38.8206
90.432733 77.302 34.9996
91.088046 76.978 31.3276
91.748108 76.615 27.9241
92.412952 76.232 24.8453
93.082615 75.854 22.0493
93.757130 75.502 19.3969
94.436533 75.189 16.6879
95.120859 74.903 13.7260
95.810144 74.615 10.3960
96.504423 74.280 6.7345
97.203734 73.847 2.9714
97.908112 73.272 -0.4561
98.617595 72.537 -2.9014
99.332219 71.669 -3.5343
100.052021 70.756 -1.5050
100.777039 69.957 3.5765
101.507311 69.476 10.8848
102.242875 69.453 18.2893
102.983769 69.866 23.7113
103.730032 70.561 26.3053
104.481702 71.370 26.2122
105.238820 72.169 23.8948
106.001424 72.884 19.8026
106.769554 73.471 14.3031
107.543250 73.902 7.7074
108.322553 74.159 0.3073
109.107503 74.230 -7.6093
109.898141 74.108 -15.7673
110.694508 73.793 -23.9302
111.496646 73.290 -31.9047
112.304596 72.611 -39.5211
113.118402 71.779 -46.6154
113.938104 70.832 -53.0264
114.763747 69.833 -58.6387
115.595372 68.890 -63.5160
116.433024 68.152 -68.1310
117.276746 67.756 -73.4996
118.126581 67.718 -80.9442
118.982575 67.909 -91.6044
119.844772 68.147 -106.1378
120.713217 68.302 -124.5635
121.587954 68.308 -145.9170
122.469031 68.153 -168.1256
123.356492 67.857 171.1050
124.250384 67.448 153.1819
125.150753 66.972 138.5636
126.057647 66.494 127.2438
126.971113 66.124 119.0164
127.891198 65.999 113.4362
128.817950 66.218 109.6740
129.751418 66.760 106.6211
130.691651 67.498 103.2998
131.638696 68.281 99.1824
132.592604 68.994 94.2036
133.553425 69.572 88.6018
134.521208 69.997 82.7211
135.496004 70.285 76.8547
136.477864 70.463 71.1575
137.466839 70.540 65.6299
138.462981 70.495 60.2209
139.466340 70.283 55.0592
140.476971 69.868 50.6411
141.494925 69.255 47.7910
142.520256 68.517 47.3785
143.553016 67.799 49.8070
144.593260 67.288 54.4972
145.641043 67.135 60.0393
146.696418 67.381 65.0813
147.759441 67.959 68.8363
148.830166 68.739 70.9094
149.908651 69.581 71.1124
150.994951 70.359 69.4996
152.089123 70.976 66.4320
153.191223 71.377 62.5256
154.301310 71.556 58.5107
155.419441 71.553 55.0671
156.545674 71.453 52.6829
157.680069 71.364 51.5582
158.822683 71.393 51.5587
159.973578 71.613 52.2302
161.132813 72.033 52.9104
162.300447 72.601 52.9435
163.476543 73.231 51.9165
164.661162 73.843 49.7706
165.854364 74.387 46.7322
167.056213 74.853 43.1355
168.266772 75.261 39.2588
169.486102 75.643 35.2382
170.714268 76.027 31.0593
171.951334 76.424 26.6008
173.197364 76.825 21.7080
174.452424 77.205 16.2654
175.716578 77.543 10.2329
176.989893 77.820 3.6287
178.272434 78.028 -3.5245
179.564270 78.156 -11.2361
180.865467 78.181 -19.5299
182.176092 78.062 -28.3751
183.496216 77.754 -37.6168
184.825905 77.219 -46.9501
186.165229 76.435 -55.9250
187.514259 75.401 -63.8979
188.873065 74.145 -69.7676
190.241717 72.738 -70.9985
191.620287 71.329 -59.6583
193.008847 70.182 -18.4604
194.407468 69.636 16.4781
195.816225 69.885 26.5753
197.235190 70.809 28.3940
198.664438 72.113 27.0868
200.104042 73.546 23.8287
201.554078 74.948 18.8451
203.014622 76.227 12.2103
204.485750 77.324 4.0460
205.967538 78.195 -5.4452
207.460064 78.806 -15.9766
208.963405 79.128 -27.1753
210.477640 79.137 -38.5757
212.002848 78.815 -49.6062
213.539108 78.165 -59.6117
215.086500 77.218 -67.9816
216.645105 76.041 -74.3621
218.215005 74.735 -78.8674
219.796281 73.415 -82.1230
221.389015 72.180 -84.9561
222.993292 71.071 -87.8997
224.609193 70.065 -90.9783
226.236804 69.127 -93.9194
227.876209 68.243 -96.5066
229.527494 67.431 -98.7935
231.190745 66.717 -101.0667
232.866048 66.098 -103.6392
234.553491 65.542 -106.6182
236.253163 65.003 -109.7354
237.965150 64.477 -112.3037
239.689544 64.054 -113.3892
241.426433 63.938 -112.3721
243.175909 64.324 -109.9292
244.938062 65.215 -108.4214
246.712984 66.404 -110.2900
248.500768 67.662 -116.3538
250.301507 68.841 -126.0879
252.115295 69.876 -138.5586
253.942226 70.746 -152.8870
255.782396 71.453 -168.3289
257.635901 72.007 175.7534
259.502837 72.424 159.8877
261.383301 72.734 144.4412
263.277392 72.975 129.5913
265.185209 73.189 115.3706
267.106850 73.409 101.7241
269.042417 73.638 88.5486
270.992009 73.859 75.7307
272.955729 74.044 63.1770
274.933678 74.168 50.8096
276.925961 74.213 38.5559
278.932681 74.166 26.3574
280.953942 74.010 14.1809
282.989850 73.727 2.0298
285.040511 73.296 -10.0415
287.106032 72.696 -21.9258
289.186521 71.908 -33.4529
291.282086 70.916 -44.3491
293.392836 69.704 -54.1731
295.518881 68.265 -62.2441
297.660333 66.609 -67.5437
299.817302 64.769 -68.4568
301.989902 62.825 -62.0413
304.178245 60.948 -42.6592
306.382446 59.477 -8.0012
308.602620 58.871 23.5425
310.838882 59.328 42.5435
313.091348 60.534 52.9490
315.360137 62.023 57.0432
317.645367 63.490 56.1692
319.947156 64.783 51.6450
322.265625 65.846 44.6931
324.600895 66.671 36.3030
326.953086 67.270 27.1550
329.322323 67.650 17.6672
331.708729 67.802 8.1562
334.112427 67.717 -1.0129
336.533543 67.407 -9.3987
338.972204 66.926 -16.6260
341.428536 66.371 -22.6519
343.902668 65.858 -27.8999
346.394729 65.471 -32.9863
348.904848 65.251 -38.3145
351.433156 65.222 -44.0361
353.979786 65.409 -50.2373
356.544869 65.829 -57.0698
359.128540 66.466 -64.8467
361.730934 67.252 -74.0286
364.352185 68.082 -84.9617
366.992431 68.858 -97.6685
369.651810 69.508 -111.8706
372.330459 69.985 -127.1111
375.028519 70.259 -142.8225
377.746130 70.320 -158.3118
380.483434 70.180 -172.7300
383.240574 69.887 174.9116
386.017693 69.539 165.5686
388.814937 69.264 159.5593
391.632450 69.164 155.6060
394.470380 69.235 151.2227
397.328875 69.380 144.9402
400.208084 69.490 136.9912
403.108157 69.504 128.2048
406.029245 69.389 119.2729
408.971500 69.128 110.7070
411.935076 68.707 102.9922
414.920127 68.140 96.6658
417.926810 67.484 92.3606
420.955280 66.840 90.9368
424.005695 66.379 93.4475
427.078215 66.304 100.0117
430.173000 66.735 107.9177
433.290211 67.581 113.2000
436.430010 68.625 114.3804
439.592562 69.675 112.1389
442.778031 70.611 107.5205
445.986583 71.369 101.3108
449.218386 71.911 94.0862
452.473607 72.220 86.3220
455.752418 72.289 78.4368
459.054987 72.112 70.8391
462.381489 71.688 64.0010
465.732096 71.029 58.4917
469.106983 70.173 54.9229
472.506325 69.200 53.7917
475.930301 68.234 55.2256
479.379088 67.427 58.7366
482.852867 66.908 63.2771
486.351817 66.730 67.6846
489.876123 66.848 71.2039
493.425968 67.168 73.7185
497.001536 67.616 75.6138
500.603014 68.165 77.4612
504.230589 68.823 79.5515
507.884452 69.575 81.4270
511.564792 70.341 82.0981
515.271802 70.998 81.0032
519.005673 71.448 78.5593
522.766602 71.666 75.8950
526.554785 71.734 74.2407
530.370418 71.814 74.2605
534.213700 72.071 75.5369
538.084833 72.569 76.7278
541.984018 73.244 76.6248
545.911457 73.987 74.9495
549.867357 74.735 72.1326
553.851922 75.482 68.7729
557.865362 76.254 65.3772
561.907884 77.083 62.2747
565.979700 77.969 59.4019
570.081022 78.849 56.0574
574.212064 79.600 51.2751
578.373042 80.084 44.6868
582.564171 80.209 36.8784
586.785671 79.963 28.9292
591.037762 79.407 21.7036
595.320665 78.651 15.5139
599.634604 77.808 10.2673
603.979804 76.970 5.7480
608.356491 76.193 1.7532
612.764893 75.490 -1.7981
617.205240 74.840 -4.5894
621.677763 74.234 -5.6750
626.182696 73.724 -3.5818
630.720274 73.412 2.6516
635.290733 73.375 10.9753
639.894312 73.584 16.8352
644.531250 73.935 18.3601
649.201789 74.346 16.6704
653.906173 74.790 13.1306
658.644647 75.260 8.3867
663.417457 75.723 2.5969
668.224854 76.115 -4.2104
673.067086 76.363 -11.9263
677.944408 76.395 -20.2832
682.857073 76.150 -28.7927
687.805336 75.604 -36.7388
692.789457 74.779 -43.3579
697.809695 73.750 -48.1311
702.866312 72.629 -50.9309
707.959571 71.523 -51.5374
713.089738 70.531 -48.6362
718.257080 69.745 -40.2112
723.461867 69.233 -28.1355
728.704370 68.970 -19.8140
733.984862 68.828 -18.2793
739.303619 68.666 -21.2546
744.660918 68.397 -25.9241
750.057038 68.032 -29.7898
755.492260 67.675 -29.9480
760.966869 67.484 -22.5938
766.481148 67.558 -7.1255
772.035387 67.883 6.2327
777.629873 68.378 11.3184
783.264900 68.970 13.1165
788.940760 69.608 22.5864
794.657750 70.253 64.1018
800.416168 70.884 96.9392
806.216313 71.498 99.7832
812.058489 72.108 94.4043
817.943000 72.750 87.1409
823.870152 73.476 79.7764
829.840255 74.296 72.5420
835.853619 75.153 65.0396
841.910559 75.940 56.8960
848.011390 76.558 48.0718
854.156430 76.936 38.8142
860.346000 77.037 29.5837
866.580422 76.860 20.9780
872.860020 76.443 13.6152
879.185124 75.853 8.0662
885.556062 75.193 4.6736
891.973166 74.590 3.0906
898.436771 74.132 2.3362
904.947215 73.815 1.7822
911.504835 73.610 1.8740
918.109975 73.560 3.5320
924.762978 73.755 6.6494
931.464192 74.202 9.3071
938.213966 74.758 9.3298
945.012651 75.232 6.2192
951.860602 75.486 0.9114
958.758176 75.471 -5.3259
965.705733 75.200 -11.4712
972.703635 74.718 -16.8130
979.752246 74.089 -20.8850
986.851935 73.408 -23.5811
994.003071 72.780 -25.1846
1001.206027 72.286 -26.1816
1008.461179 71.962 -27.1228
1015.768904 71.789 -28.4968
1023.129584 71.716 -30.5598
1030.543603 71.688 -33.4099
1038.011347 71.642 -37.0791
1045.533205 71.515 -41.4294
1053.109569 71.270 -46.1572
1060.740836 70.891 -50.9683
1068.427401 70.364 -55.5483
1076.169666 69.679 -59.2366
1083.968035 68.894 -60.8875
1091.822915 68.199 -58.8616
1099.734713 67.890 -50.2976
1107.703844 68.191 -31.1677
1115.730723 69.049 -7.0532
1123.815768 70.186 6.2192
1131.959400 71.312 7.7651
1140.162045 72.225 2.6384
1148.424129 72.801 -5.9644
1156.746083 72.971 -16.1616
1165.128342 72.720 -26.6201
1173.571343 72.090 -36.3521
1182.075524 71.183 -44.7141
1190.641331 70.167 -51.2334
1199.269209 69.280 -54.6450
1207.959608 68.790 -47.7607
1216.712981 68.874 10.8477
1225.529785 69.475 51.0527
1234.410479 70.361 52.1846
1243.355526 71.295 45.7996
1252.365393 72.107 37.0566
1261.440549 72.689 27.3381
1270.581467 72.974 17.3271
1279.788624 72.949 7.6133
1289.062500 72.651 -1.3352
1298.403578 72.145 -9.2603
1307.812346 71.504 -16.0852
1317.289293 70.782 -21.7747
1326.834914 70.014 -26.1660
1336.449707 69.232 -28.7988
1346.134173 68.503 -28.8782
1355.888816 67.953 -25.4673
1365.714145 67.710 -17.5554
1375.610673 67.816 -4.8206
1385.578915 68.192 10.1880
1395.619391 68.715 21.8884
1405.732624 69.281 26.9517
1415.919142 69.816 26.6306
1426.179476 70.273 23.3459
1436.514160 70.614 18.7908
1446.923734 70.807 14.0212
1457.408740 70.837 9.8555
1467.969724 70.742 6.9299
1478.607238 70.620 5.4836
1489.321836 70.588 5.3018
1500.114076 70.724 6.1687
1510.984521 71.072 8.1978
1521.933737 71.651 11.2280
1532.962297 72.427 13.9348
1544.070773 73.288 14.5815
1555.259747 74.099 12.5669
1566.529800 74.793 8.4946
1577.881521 75.370 3.2117
1589.315501 75.843 -2.8401
1600.832336 76.190 -9.4771
1612.432627 76.383 -16.4297
1624.116978 76.422 -23.4092
1635.886000 76.313 -30.3467
1647.740304 76.030 -37.1194
1659.680509 75.531 -43.0820
1671.707238 74.794 -47.0847
1683.821118 73.862 -47.9744
1696.022780 72.863 -45.5916
1708.312860 71.988 -41.4131
1720.692000 71.410 -37.7869
1733.160843 71.174 -36.2083
1745.720041 71.174 -36.8838
1758.370248 71.242 -39.3921
1771.112124 71.230 -42.9766
1783.946332 71.062 -46.4661
1796.873543 70.755 -48.3042
1809.894429 70.391 -46.6689
1823.009670 70.082 -40.1450
1836.219950 69.933 -30.1782
1849.525956 70.016 -21.3599
1862.928384 70.318 -16.2185
1876.427931 70.759 -14.2234
1890.025301 71.239 -14.5232
1903.721204 71.654 -16.7798
1917.516352 71.911 -20.4111
1931.411466 71.952 -24.3269
1945.407270 71.779 -27.2190
1959.504493 71.475 -28.0168
1973.703870 71.191 -26.5706
1988.006142 71.076 -23.7405
2002.412054 71.224 -20.3770
2016.922357 71.654 -17.0566
2031.537808 72.293 -14.8391
2046.259169 72.976 -14.9382
2061.087206 73.520 -17.6526
2076.022694 73.804 -22.2678
2091.066410 73.814 -27.6597
2106.219139 73.618 -32.9956
2121.481671 73.295 -37.8494
2136.854802 72.914 -42.0442
2152.339333 72.538 -45.6382
2167.936071 72.213 -48.9243
2183.645829 71.963 -52.3154
2199.469427 71.767 -56.1042
2215.407689 71.574 -60.3071
2231.461446 71.334 -64.6187
2247.631536 71.045 -68.5215
2263.918800 70.745 -71.5183
2280.324089 70.460 -72.7590
2296.848258 70.197 -69.2056
2313.492167 70.007 -51.9854
2330.256685 70.007 -17.3909
2347.142685 70.287 3.6436
2364.151049 70.814 8.4656
2381.282662 71.473 6.6799
2398.538418 72.151 2.1714
2415.919216 72.788 -3.4858
2433.425962 73.371 -9.6211
2451.059570 73.894 -16.0061
2468.820958 74.345 -22.5957
2486.711052 74.702 -29.4041
2504.730786 74.937 -36.4297
2522.881098 75.028 -43.5793
2541.162934 74.959 -50.6877
2559.577248 74.722 -57.4668
2578.125000 74.328 -63.4880
2596.807157 73.819 -68.2759
2615.624692 73.266 -71.4788
2634.578586 72.746 -73.1816
2653.669829 72.293 -74.0076
2672.899414 71.874 -74.8652
2692.268345 71.428 -76.2405
2711.777632 70.904 -77.6338
2731.428290 70.282 -77.8728
2751.221345 69.589 -75.7505
2771.157829 68.913 -70.9897
2791.238781 68.373 -64.7107
2811.465248 68.041 -58.4780
2831.838284 67.922 -53.1575
2852.358952 68.006 -48.6995
2873.028321 68.307 -44.3962
2893.847468 68.838 -39.4817
2914.817480 69.570 -33.7297
2935.939449 70.424 -27.9871
2957.214476 71.313 -24.1865
2978.643672 72.149 -23.6721
3000.228152 72.842 -26.1101
3021.969041 73.325 -30.1892
3043.867475 73.600 -34.3228
3065.924593 73.742 -37.4250
3088.141547 73.855 -39.6943
3110.519493 73.984 -42.4382
3133.059600 74.089 -46.6345
3155.763041 74.107 -52.1689
3178.631001 74.006 -58.3708
3201.664672 73.778 -64.5784
3224.865254 73.419 -70.2910
3248.233957 72.940 -74.9915
3271.771999 72.405 -78.0981
3295.480608 71.933 -79.1536
3319.361019 71.642 -77.7195
3343.414477 71.593 -72.9226
3367.642236 71.786 -63.9568
3392.045560 72.162 -53.4827
3416.625721 72.591 -47.1721
3441.383999 72.917 -46.8906
3466.321686 73.016 -50.4407
3491.440082 72.830 -55.0527
3516.740496 72.388 -58.6836
3542.224247 71.817 -60.5659
3567.892664 71.280 -61.3179
3593.747085 70.879 -62.2175
3619.788858 70.590 -64.1235
3646.019340 70.301 -66.7693
3672.439900 69.925 -68.9749
3699.051913 69.473 -69.4004
3725.856768 69.016 -67.4185
3752.855862 68.605 -63.8076
3780.050603 68.229 -60.0081
3807.442408 67.849 -56.0884
3835.032705 67.493 -50.7690
3862.822933 67.276 -43.3582
3890.814540 67.332 -34.6731
3919.008986 67.730 -26.3745
3947.407741 68.417 -20.1382
3976.012284 69.262 -16.8774
4004.824108 70.138 -16.5166
4033.844715 70.972 -18.4182
4063.075616 71.727 -21.9641
4092.518337 72.363 -26.8320
4122.174412 72.825 -32.7307
4152.045387 73.077 -39.0833
4182.132820 73.135 -45.1841
4212.438278 73.047 -50.5903
4242.963342 72.830 -55.1865
4273.709604 72.451 -58.6858
4304.678665 71.895 -60.2021
4335.872141 71.235 -58.9834
4367.291658 70.607 -55.6147
4398.938854 70.123 -51.8879
4430.815378 69.813 -49.2385
4462.922893 69.631 -47.8984
4495.263072 69.507 -47.3459
4527.837601 69.397 -46.9827
4560.648179 69.294 -46.6995
4593.696515 69.177 -46.4832
4626.984334 69.013 -45.7368
4660.513370 68.806 -43.7363
4694.285371 68.606 -40.9399
4728.302098 68.452 -38.7158
4762.565324 68.359 -37.4480
4797.076835 68.378 -35.6333
4831.838432 68.607 -30.2087
4866.851925 69.114 -17.1025
4902.119140 69.862 2.4617
4937.641916 70.718 16.4587
4973.422105 71.513 20.5002
5009.461572 72.108 18.3474
5045.762195 72.440 13.4507
5082.325868 72.521 8.0923
5119.154496 72.411 3.7068
5156.250000 72.201 0.9194
5193.614313 71.987 -0.5510
5231.249383 71.827 -1.3718
5269.157173 71.750 -1.8735
5307.339658 71.778 -2.1250
5345.798829 71.917 -2.4031
5384.536691 72.131 -3.0549
5423.555263 72.363 -4.0576
5462.856580 72.557 -5.2930
5502.442691 72.657 -6.9578
5542.315659 72.618 -9.1204
5582.477563 72.442 -11.2043
5622.930497 72.215 -12.4707
5663.676569 72.049 -12.4836
5704.717904 72.006 -10.6753
5746.056642 72.077 -5.9216
5787.694937 72.217 2.1418
5829.634960 72.399 10.5117
5871.878898 72.611 15.2705
5914.428953 72.835 15.7627
5957.287343 73.029 13.3201
6000.456303 73.163 9.5156
6043.938083 73.238 5.5461
6087.734950 73.278 2.0991
6131.849187 73.281 -0.6040
6176.283094 73.198 -2.5903
6221.038987 72.965 -3.6790
6266.119200 72.579 -3.1841
6311.526083 72.124 -0.7742
6357.262002 71.750 2.6052
6403.329344 71.588 5.4290
6449.730508 71.680 6.9739
6496.467914 71.985 7.5576
6543.543998 72.413 7.8718
6590.961215 72.859 8.3425
6638.722037 73.191 8.9927
6686.828954 73.294 10.1958
6735.284473 73.131 12.8579
6784.091120 72.763 16.7698
6833.251441 72.300 20.6375
6882.767998 71.870 23.7842
6932.643372 71.591 26.0869
6982.880164 71.505 27.5447
7033.480992 71.547 28.2769
7084.448495 71.592 28.5273
7135.785329 71.525 28.9497
7187.494171 71.317 30.4583
7239.577717 71.031 33.0723
7292.038681 70.773 35.8303
7344.879799 70.619 37.9927
7398.103826 70.590 39.5815
7451.713536 70.667 40.9607
7505.711724 70.795 42.5107
7560.101205 70.917 44.5769
7614.884815 71.010 47.5342
7670.065409 71.090 51.6123
7725.645865 71.189 55.9768
7781.629080 71.310 59.2922
7838.017972 71.442 61.1870
7894.815481 71.589 61.9502
7952.024569 71.745 61.9546
8009.648217 71.888 61.7434
8067.689429 71.995 61.9116
8126.151233 72.068 62.7908
8185.036674 72.121 64.0134
8244.348824 72.142 64.9146
8304.090774 72.113 65.2559
8364.265639 72.046 65.1299
8424.876556 71.963 64.6577
8485.926684 71.874 64.1440
8547.419207 71.780 64.1296
8609.357330 71.682 65.1611
8671.744282 71.576 67.3828
8734.583316 71.436 70.4246
8797.877707 71.246 73.7856
8861.630756 71.024 76.8943
8925.845785 70.805 79.5691
8990.526143 70.630 82.2573
9055.675202 70.525 85.4729
9121.296357 70.473 89.2786
9187.393031 70.420 93.3757
9253.968668 70.341 97.6375
9321.026740 70.285 101.9673
9388.570742 70.338 106.0823
9456.604196 70.555 109.7339
9525.130648 70.932 112.6531
9594.153671 71.411 114.5862
9663.676863 71.906 115.4819
9733.703850 72.335 115.4431
9804.238280 72.636 114.6230
9875.283832 72.781 113.3816
9946.844210 72.789 112.2798
10018.923143 72.701 111.7515
10091.524390 72.544 112.0269
10164.651736 72.332 113.1765
10238.308993 72.085 115.1321
10312.500000 71.831 117.5825
10387.228626 71.586 120.2166
10462.498767 71.367 122.7971
10538.314345 71.198 125.1016
10614.679315 71.093 127.0264
10691.597657 71.030 128.5498
10769.073381 70.952 129.7183
10847.110526 70.804 130.8064
10925.713161 70.581 132.2114
11004.885382 70.322 134.2102
11084.631318 70.081 136.9646
11164.955126 69.903 140.4011
11245.860993 69.790 144.2434
11327.353138 69.726 148.2793
11409.435808 69.703 152.3137
11492.113283 69.720 156.1487
11575.389873 69.770 159.6328
11659.269920 69.836 162.6123
11743.757796 69.898 165.0740
11828.857906 69.939 167.1460
11914.574686 69.949 168.9597
12000.912606 69.919 170.7000
12087.876166 69.839 172.5820
12175.469900 69.689 174.8640
12263.698373 69.454 177.9128
12352.566187 69.171 -177.9983
12442.077974 68.913 -172.9541
12532.238400 68.758 -167.4888
12623.052165 68.739 -162.3718
12714.524005 68.823 -158.0632
12806.658687 68.941 -154.5261
12899.461015 69.032 -151.3174
12992.935827 69.084 -147.8054
13087.087996 69.137 -143.4626
13181.922430 69.268 -138.1343
13277.444074 69.545 -132.3748
13373.657907 69.974 -127.2405
13470.568945 70.491 -123.5737
13568.182241 71.000 -121.5771
13666.502883 71.415 -120.9138
13765.535996 71.665 -121.0498
13865.286744 71.714 -121.3904
13965.760328 71.583 -121.4038
14066.961984 71.327 -120.7351
14168.896989 71.003 -119.2356
14271.570658 70.649 -116.9563
14374.988342 70.287 -114.0962
14479.155433 69.933 -110.9312
14584.077362 69.594 -107.6428
14689.759598 69.266 -104.2808
14796.207652 68.938 -100.7537
14903.427072 68.600 -96.9690
15011.423448 68.259 -92.9365
15120.202410 67.945 -88.7473
15229.769630 67.693 -84.5398
15340.130819 67.514 -80.4749
15451.291730 67.384 -76.6936
15563.258160 67.256 -73.2590
15676.035944 67.085 -70.1082
15789.630962 66.845 -67.0298
15904.049137 66.532 -63.7634
16019.296433 66.166 -60.0940
16135.378859 65.780 -55.9587
16252.302465 65.410 -51.4668
16370.073348 65.067 -46.8677
16488.697648 64.739 -42.3989
16608.181548 64.394 -38.0591
16728.531278 64.014 -33.4863
16849.753112 63.616 -28.0691
16971.853368 63.262 -21.2854
17094.838414 63.035 -13.2202
17218.714660 62.983 -4.8762
17343.488565 63.076 2.4058
17469.166632 63.226 7.9529
17595.755415 63.347 11.9619
17723.261512 63.398 14.9646
17851.691571 63.366 17.3843
17981.052287 63.252 19.4116
18111.350404 63.052 21.1106
18242.592715 62.757 22.5464
18374.786062 62.352 23.8687
18507.937336 61.831 25.3000
18642.053479 61.198 27.0769
18777.141484 60.466 29.3706
18913.208391 59.655 32.2112
19050.261296 58.785 35.5178
19188.307342 57.868 39.1963
19327.353727 56.914 43.1731
19467.407699 55.926 47.4104
19608.476560 54.913 51.9419
19750.567664 53.927 56.7847
19893.688419 53.095 61.7764
20037.846286 52.603 66.5898
